      z[m]      p[mb]      tp[K]    q[g/kg]     u[m/s]     v[m/s]
      0.00,         64,    1005.50
     25.00000000	   -999.00000000	    297.01025391	     15.20007324	      0.00000000	      0.00000000
     75.00000000	   -999.00000000	    296.91662598	     14.83004761	      0.00000000	      0.00000000
    127.84809875	   -999.00000000	    296.92739868	     14.68466949	      0.00000000	      0.00000000
    186.71687317	   -999.00000000	    296.96215820	     14.49493504	      0.00000000	      0.00000000
    252.29220581	   -999.00000000	    297.01776123	     14.26190472	      0.00000000	      0.00000000
    325.33816528	   -999.00000000	    297.09411621	     13.97390175	      0.00000000	      0.00000000
    406.70581055	   -999.00000000	    297.20172119	     13.63534927	      0.00000000	      0.00000000
    497.34317017	   -999.00000000	    297.35839844	     13.23648739	      0.00000000	      0.00000000
    598.30627441	   -999.00000000	    297.59057617	     12.76076698	      0.00000000	      0.00000000
    710.77154541	   -999.00000000	    297.92700195	     12.20204163	      0.00000000	      0.00000000
    836.04931641	   -999.00000000	    298.37182617	     11.60514355	      0.00000000	      0.00000000
    975.59924316	   -999.00000000	    298.89935303	     11.04664040	      0.00000000	      0.00000000
   1131.04724121	   -999.00000000	    299.48922729	     10.54422951	      0.00000000	      0.00000000
   1304.20446777	   -999.00000000	    300.14468384	     10.05948448	      0.00000000	      0.00000000
   1497.08850098	   -999.00000000	    300.88186646	      9.54939270	      0.00000000	      0.00000000
   1711.94665527	   -999.00000000	    301.71679688	      8.99502659	      0.00000000	      0.00000000
   1951.28234863	   -999.00000000	    302.65927124	      8.39847374	      0.00000000	      0.00000000
   2217.88403320	   -999.00000000	    303.71920776	      7.76704693	      0.00000000	      0.00000000
   2514.85815430	   -999.00000000	    304.90551758	      7.10091734	      0.00000000	      0.00000000
   2845.66479492	   -999.00000000	    306.22586060	      6.39838934	      0.00000000	      0.00000000
   3214.15820313	   -999.00000000	    307.69061279	      5.66174316	      0.00000000	      0.00000000
   3624.63183594	   -999.00000000	    309.33654785	      4.88748932	      0.00000000	      0.00000000
   4081.86840820	   -999.00000000	    311.22021484	      4.07057762	      0.00000000	      0.00000000
   4581.86816406	   -999.00000000	    313.29672241	      3.25506949	      0.00000000	      0.00000000
   5081.86816406	   -999.00000000	    315.26306152	      2.56612992	      0.00000000	      0.00000000
   5581.86816406	   -999.00000000	    317.06506348	      2.01199126	      0.00000000	      0.00000000
   6081.86816406	   -999.00000000	    318.70520020	      1.56801844	      0.00000000	      0.00000000
   6581.86816406	   -999.00000000	    320.19625854	      1.20594501	      0.00000000	      0.00000000
   7081.86816406	   -999.00000000	    321.54370117	      0.90823698	      0.00000000	      0.00000000
   7581.86816406	   -999.00000000	    322.77328491	      0.66084027	      0.00000000	      0.00000000
   8081.86816406	   -999.00000000	    323.88842773	      0.46139720	      0.00000000	      0.00000000
   8581.86816406	   -999.00000000	    324.88809204	      0.31124124	      0.00000000	      0.00000000
   9081.86816406	   -999.00000000	    325.77578735	      0.20602521	      0.00000000	      0.00000000
   9581.86816406	   -999.00000000	    326.56146240	      0.13635597	      0.00000000	      0.00000000
  10081.86816406	   -999.00000000	    327.26263428	      0.09176311	      0.00000000	      0.00000000
  10581.86816406	   -999.00000000	    327.90625000	      0.06228768	      0.00000000	      0.00000000
  11081.86816406	   -999.00000000	    328.54867554	      0.04176097	      0.00000000	      0.00000000
  11581.86816406	   -999.00000000	    329.32330322	      0.02633931	      0.00000000	      0.00000000
  12081.86816406	   -999.00000000	    330.52636719	      0.01548498	      0.00000000	      0.00000000
  12581.86816406	   -999.00000000	    332.64141846	      0.00923084	      0.00000000	      0.00000000
  13081.86816406	   -999.00000000	    336.16992188	      0.00637654	      0.00000000	      0.00000000
  13581.86816406	   -999.00000000	    341.31872559	      0.00524396	      0.00000000	      0.00000000
  14081.86816406	   -999.00000000	    347.83691406	      0.00475284	      0.00000000	      0.00000000
  14581.86816406	   -999.00000000	    355.32598877	      0.00448561	      0.00000000	      0.00000000
  15081.86816406	   -999.00000000	    363.41821289	      0.00431205	      0.00000000	      0.00000000
  15581.86816406	   -999.00000000	    371.82775879	      0.00418176	      0.00000000	      0.00000000
  16081.86816406	   -999.00000000	    380.36938477	      0.00407176	      0.00000000	      0.00000000
  16581.86718750	   -999.00000000	    389.10696411	      0.00397546	      0.00000000	      0.00000000
  17081.86718750	   -999.00000000	    398.45126343	      0.00389318	      0.00000000	      0.00000000
  17581.86718750	   -999.00000000	    408.89215088	      0.00381611	      0.00000000	      0.00000000
  18081.86718750	   -999.00000000	    421.08038330	      0.00371899	      0.00000000	      0.00000000
  18581.86718750	   -999.00000000	    435.84436035	      0.00355285	      0.00000000	      0.00000000
  19081.86718750	   -999.00000000	    452.50057983	      0.00327713	      0.00000000	      0.00000000
  19581.86718750	   -999.00000000	    470.06588745	      0.00287635	      0.00000000	      0.00000000
  20081.86718750	   -999.00000000	    487.30688477	      0.00238782	      0.00000000	      0.00000000
  20590.05468750	   -999.00000000	    504.04995728	      0.00188169	      0.00000000	      0.00000000
  21149.06054688	   -999.00000000	    521.71148682	      0.00142801	      0.00000000	      0.00000000
  21763.96679688	   -999.00000000	    541.15155029	      0.00113882	      0.00000000	      0.00000000
  22440.36328125	   -999.00000000	    563.47540283	      0.00103191	      0.00000000	      0.00000000
  23184.40039063	   -999.00000000	    589.40203857	      0.00101217	      0.00000000	      0.00000000
  24002.83984375	   -999.00000000	    619.24261475	      0.00099626	      0.00000000	      0.00000000
  24903.12304688	   -999.00000000	    651.42950439	      0.00096641	      0.00000000	      0.00000000
  25893.43554688	   -999.00000000	    679.04315186	      0.00094281	      0.00000000	      0.00000000
  26982.77929688	   -999.00000000	    695.10186768	      0.00093923	      0.00000000	      0.00000000
  10000.00,         64,    1005.50
     25.00000000	   -999.00000000	    297.01025391	     15.20007324	      0.00000000	      0.00000000
     75.00000000	   -999.00000000	    296.91662598	     14.83004761	      0.00000000	      0.00000000
    127.84809875	   -999.00000000	    296.92739868	     14.68466949	      0.00000000	      0.00000000
    186.71687317	   -999.00000000	    296.96215820	     14.49493504	      0.00000000	      0.00000000
    252.29220581	   -999.00000000	    297.01776123	     14.26190472	      0.00000000	      0.00000000
    325.33816528	   -999.00000000	    297.09411621	     13.97390175	      0.00000000	      0.00000000
    406.70581055	   -999.00000000	    297.20172119	     13.63534927	      0.00000000	      0.00000000
    497.34317017	   -999.00000000	    297.35839844	     13.23648739	      0.00000000	      0.00000000
    598.30627441	   -999.00000000	    297.59057617	     12.76076698	      0.00000000	      0.00000000
    710.77154541	   -999.00000000	    297.92700195	     12.20204163	      0.00000000	      0.00000000
    836.04931641	   -999.00000000	    298.37182617	     11.60514355	      0.00000000	      0.00000000
    975.59924316	   -999.00000000	    298.89935303	     11.04664040	      0.00000000	      0.00000000
   1131.04724121	   -999.00000000	    299.48922729	     10.54422951	      0.00000000	      0.00000000
   1304.20446777	   -999.00000000	    300.14468384	     10.05948448	      0.00000000	      0.00000000
   1497.08850098	   -999.00000000	    300.88186646	      9.54939270	      0.00000000	      0.00000000
   1711.94665527	   -999.00000000	    301.71679688	      8.99502659	      0.00000000	      0.00000000
   1951.28234863	   -999.00000000	    302.65927124	      8.39847374	      0.00000000	      0.00000000
   2217.88403320	   -999.00000000	    303.71920776	      7.76704693	      0.00000000	      0.00000000
   2514.85815430	   -999.00000000	    304.90551758	      7.10091734	      0.00000000	      0.00000000
   2845.66479492	   -999.00000000	    306.22586060	      6.39838934	      0.00000000	      0.00000000
   3214.15820313	   -999.00000000	    307.69061279	      5.66174316	      0.00000000	      0.00000000
   3624.63183594	   -999.00000000	    309.33654785	      4.88748932	      0.00000000	      0.00000000
   4081.86840820	   -999.00000000	    311.22021484	      4.07057762	      0.00000000	      0.00000000
   4581.86816406	   -999.00000000	    313.29672241	      3.25506949	      0.00000000	      0.00000000
   5081.86816406	   -999.00000000	    315.26306152	      2.56612992	      0.00000000	      0.00000000
   5581.86816406	   -999.00000000	    317.06506348	      2.01199126	      0.00000000	      0.00000000
   6081.86816406	   -999.00000000	    318.70520020	      1.56801844	      0.00000000	      0.00000000
   6581.86816406	   -999.00000000	    320.19625854	      1.20594501	      0.00000000	      0.00000000
   7081.86816406	   -999.00000000	    321.54370117	      0.90823698	      0.00000000	      0.00000000
   7581.86816406	   -999.00000000	    322.77328491	      0.66084027	      0.00000000	      0.00000000
   8081.86816406	   -999.00000000	    323.88842773	      0.46139720	      0.00000000	      0.00000000
   8581.86816406	   -999.00000000	    324.88809204	      0.31124124	      0.00000000	      0.00000000
   9081.86816406	   -999.00000000	    325.77578735	      0.20602521	      0.00000000	      0.00000000
   9581.86816406	   -999.00000000	    326.56146240	      0.13635597	      0.00000000	      0.00000000
  10081.86816406	   -999.00000000	    327.26263428	      0.09176311	      0.00000000	      0.00000000
  10581.86816406	   -999.00000000	    327.90625000	      0.06228768	      0.00000000	      0.00000000
  11081.86816406	   -999.00000000	    328.54867554	      0.04176097	      0.00000000	      0.00000000
  11581.86816406	   -999.00000000	    329.32330322	      0.02633931	      0.00000000	      0.00000000
  12081.86816406	   -999.00000000	    330.52636719	      0.01548498	      0.00000000	      0.00000000
  12581.86816406	   -999.00000000	    332.64141846	      0.00923084	      0.00000000	      0.00000000
  13081.86816406	   -999.00000000	    336.16992188	      0.00637654	      0.00000000	      0.00000000
  13581.86816406	   -999.00000000	    341.31872559	      0.00524396	      0.00000000	      0.00000000
  14081.86816406	   -999.00000000	    347.83691406	      0.00475284	      0.00000000	      0.00000000
  14581.86816406	   -999.00000000	    355.32598877	      0.00448561	      0.00000000	      0.00000000
  15081.86816406	   -999.00000000	    363.41821289	      0.00431205	      0.00000000	      0.00000000
  15581.86816406	   -999.00000000	    371.82775879	      0.00418176	      0.00000000	      0.00000000
  16081.86816406	   -999.00000000	    380.36938477	      0.00407176	      0.00000000	      0.00000000
  16581.86718750	   -999.00000000	    389.10696411	      0.00397546	      0.00000000	      0.00000000
  17081.86718750	   -999.00000000	    398.45126343	      0.00389318	      0.00000000	      0.00000000
  17581.86718750	   -999.00000000	    408.89215088	      0.00381611	      0.00000000	      0.00000000
  18081.86718750	   -999.00000000	    421.08038330	      0.00371899	      0.00000000	      0.00000000
  18581.86718750	   -999.00000000	    435.84436035	      0.00355285	      0.00000000	      0.00000000
  19081.86718750	   -999.00000000	    452.50057983	      0.00327713	      0.00000000	      0.00000000
  19581.86718750	   -999.00000000	    470.06588745	      0.00287635	      0.00000000	      0.00000000
  20081.86718750	   -999.00000000	    487.30688477	      0.00238782	      0.00000000	      0.00000000
  20590.05468750	   -999.00000000	    504.04995728	      0.00188169	      0.00000000	      0.00000000
  21149.06054688	   -999.00000000	    521.71148682	      0.00142801	      0.00000000	      0.00000000
  21763.96679688	   -999.00000000	    541.15155029	      0.00113882	      0.00000000	      0.00000000
  22440.36328125	   -999.00000000	    563.47540283	      0.00103191	      0.00000000	      0.00000000
  23184.40039063	   -999.00000000	    589.40203857	      0.00101217	      0.00000000	      0.00000000
  24002.83984375	   -999.00000000	    619.24261475	      0.00099626	      0.00000000	      0.00000000
  24903.12304688	   -999.00000000	    651.42950439	      0.00096641	      0.00000000	      0.00000000
  25893.43554688	   -999.00000000	    679.04315186	      0.00094281	      0.00000000	      0.00000000
  26982.77929688	   -999.00000000	    695.10186768	      0.00093923	      0.00000000	      0.00000000
