      z[m]      p[mb]      tp[K]    q[g/kg]     u[m/s]     v[m/s]
      0.00,         64,    1005.50
     25.00000000	   -999.00000000	    297.65359497	     15.37276363	      0.00000000	      0.00000000
     75.00000000	   -999.00000000	    297.58642578	     15.05191708	      0.00000000	      0.00000000
    127.84809875	   -999.00000000	    297.58462524	     14.95857716	      0.00000000	      0.00000000
    186.71687317	   -999.00000000	    297.59475708	     14.83233738	      0.00000000	      0.00000000
    252.29220581	   -999.00000000	    297.61639404	     14.65924454	      0.00000000	      0.00000000
    325.33816528	   -999.00000000	    297.65463257	     14.41613579	      0.00000000	      0.00000000
    406.70581055	   -999.00000000	    297.72320557	     14.08850574	      0.00000000	      0.00000000
    497.34317017	   -999.00000000	    297.84820557	     13.64011097	      0.00000000	      0.00000000
    598.30627441	   -999.00000000	    298.07318115	     13.02548218	      0.00000000	      0.00000000
    710.77154541	   -999.00000000	    298.43844604	     12.24714470	      0.00000000	      0.00000000
    836.04931641	   -999.00000000	    298.94577026	     11.41774559	      0.00000000	      0.00000000
    975.59924316	   -999.00000000	    299.54653931	     10.67685318	      0.00000000	      0.00000000
   1131.04724121	   -999.00000000	    300.20480347	     10.04730129	      0.00000000	      0.00000000
   1304.20446777	   -999.00000000	    300.92114258	      9.48749924	      0.00000000	      0.00000000
   1497.08850098	   -999.00000000	    301.71051025	      8.95513725	      0.00000000	      0.00000000
   1711.94665527	   -999.00000000	    302.58282471	      8.41895676	      0.00000000	      0.00000000
   1951.28234863	   -999.00000000	    303.53796387	      7.85954666	      0.00000000	      0.00000000
   2217.88403320	   -999.00000000	    304.57397461	      7.27453375	      0.00000000	      0.00000000
   2514.85815430	   -999.00000000	    305.69024658	      6.67428827	      0.00000000	      0.00000000
   2845.66479492	   -999.00000000	    306.89849854	      6.06962824	      0.00000000	      0.00000000
   3214.15820313	   -999.00000000	    308.23126221	      5.46002579	      0.00000000	      0.00000000
   3624.63183594	   -999.00000000	    309.75051880	      4.82905912	      0.00000000	      0.00000000
   4081.86840820	   -999.00000000	    311.51342773	      4.16419411	      0.00000000	      0.00000000
   4581.86816406	   -999.00000000	    313.49920654	      3.48250771	      0.00000000	      0.00000000
   5081.86816406	   -999.00000000	    315.49072266	      2.85742974	      0.00000000	      0.00000000
   5581.86816406	   -999.00000000	    317.45382690	      2.29507613	      0.00000000	      0.00000000
   6081.86816406	   -999.00000000	    319.36349487	      1.79544795	      0.00000000	      0.00000000
   6581.86816406	   -999.00000000	    321.18399048	      1.36169016	      0.00000000	      0.00000000
   7081.86816406	   -999.00000000	    322.87213135	      1.00348401	      0.00000000	      0.00000000
   7581.86816406	   -999.00000000	    324.39532471	      0.72569710	      0.00000000	      0.00000000
   8081.86816406	   -999.00000000	    325.74783325	      0.52117682	      0.00000000	      0.00000000
   8581.86816406	   -999.00000000	    326.95275879	      0.37470046	      0.00000000	      0.00000000
   9081.86816406	   -999.00000000	    328.04928589	      0.26865762	      0.00000000	      0.00000000
   9581.86816406	   -999.00000000	    329.08444214	      0.18906207	      0.00000000	      0.00000000
  10081.86816406	   -999.00000000	    330.10018921	      0.12969412	      0.00000000	      0.00000000
  10581.86816406	   -999.00000000	    331.10000610	      0.08745153	      0.00000000	      0.00000000
  11081.86816406	   -999.00000000	    332.09582520	      0.05826909	      0.00000000	      0.00000000
  11581.86816406	   -999.00000000	    333.14639282	      0.03810981	      0.00000000	      0.00000000
  12081.86816406	   -999.00000000	    334.41372681	      0.02418409	      0.00000000	      0.00000000
  12581.86816406	   -999.00000000	    336.25860596	      0.01504463	      0.00000000	      0.00000000
  13081.86816406	   -999.00000000	    339.12121582	      0.00983246	      0.00000000	      0.00000000
  13581.86816406	   -999.00000000	    343.26174927	      0.00723216	      0.00000000	      0.00000000
  14081.86816406	   -999.00000000	    348.63928223	      0.00594633	      0.00000000	      0.00000000
  14581.86816406	   -999.00000000	    355.02593994	      0.00529041	      0.00000000	      0.00000000
  15081.86816406	   -999.00000000	    362.21670532	      0.00494154	      0.00000000	      0.00000000
  15581.86816406	   -999.00000000	    370.06726074	      0.00475850	      0.00000000	      0.00000000
  16081.86816406	   -999.00000000	    378.84323120	      0.00467550	      0.00000000	      0.00000000
  16581.86718750	   -999.00000000	    388.66790771	      0.00463633	      0.00000000	      0.00000000
  17081.86718750	   -999.00000000	    399.36340332	      0.00460250	      0.00000000	      0.00000000
  17581.86718750	   -999.00000000	    410.57821655	      0.00454800	      0.00000000	      0.00000000
  18081.86718750	   -999.00000000	    422.68328857	      0.00439199	      0.00000000	      0.00000000
  18581.86718750	   -999.00000000	    436.64401245	      0.00400963	      0.00000000	      0.00000000
  19081.86718750	   -999.00000000	    452.29510498	      0.00337088	      0.00000000	      0.00000000
  19581.86718750	   -999.00000000	    468.69024658	      0.00261418	      0.00000000	      0.00000000
  20081.86718750	   -999.00000000	    484.90557861	      0.00199916	      0.00000000	      0.00000000
  20590.05468750	   -999.00000000	    500.74618530	      0.00173416	      0.00000000	      0.00000000
  21149.06054688	   -999.00000000	    517.48107910	      0.00172871	      0.00000000	      0.00000000
  21763.96679688	   -999.00000000	    535.95965576	      0.00172823	      0.00000000	      0.00000000
  22440.36328125	   -999.00000000	    557.29907227	      0.00172393	      0.00000000	      0.00000000
  23184.40039063	   -999.00000000	    582.64752197	      0.00155554	      0.00000000	      0.00000000
  24002.83984375	   -999.00000000	    612.81146240	      0.00118969	      0.00000000	      0.00000000
  24903.12304688	   -999.00000000	    646.77563477	      0.00078063	      0.00000000	      0.00000000
  25893.43554688	   -999.00000000	    678.34674072	      0.00055024	      0.00000000	      0.00000000
  26982.77929688	   -999.00000000	    699.33752441	      0.00054448	      0.00000000	      0.00000000
  10000.00,         64,    1005.50
     25.00000000	   -999.00000000	    297.65359497	     15.37276363	      0.00000000	      0.00000000
     75.00000000	   -999.00000000	    297.58642578	     15.05191708	      0.00000000	      0.00000000
    127.84809875	   -999.00000000	    297.58462524	     14.95857716	      0.00000000	      0.00000000
    186.71687317	   -999.00000000	    297.59475708	     14.83233738	      0.00000000	      0.00000000
    252.29220581	   -999.00000000	    297.61639404	     14.65924454	      0.00000000	      0.00000000
    325.33816528	   -999.00000000	    297.65463257	     14.41613579	      0.00000000	      0.00000000
    406.70581055	   -999.00000000	    297.72320557	     14.08850574	      0.00000000	      0.00000000
    497.34317017	   -999.00000000	    297.84820557	     13.64011097	      0.00000000	      0.00000000
    598.30627441	   -999.00000000	    298.07318115	     13.02548218	      0.00000000	      0.00000000
    710.77154541	   -999.00000000	    298.43844604	     12.24714470	      0.00000000	      0.00000000
    836.04931641	   -999.00000000	    298.94577026	     11.41774559	      0.00000000	      0.00000000
    975.59924316	   -999.00000000	    299.54653931	     10.67685318	      0.00000000	      0.00000000
   1131.04724121	   -999.00000000	    300.20480347	     10.04730129	      0.00000000	      0.00000000
   1304.20446777	   -999.00000000	    300.92114258	      9.48749924	      0.00000000	      0.00000000
   1497.08850098	   -999.00000000	    301.71051025	      8.95513725	      0.00000000	      0.00000000
   1711.94665527	   -999.00000000	    302.58282471	      8.41895676	      0.00000000	      0.00000000
   1951.28234863	   -999.00000000	    303.53796387	      7.85954666	      0.00000000	      0.00000000
   2217.88403320	   -999.00000000	    304.57397461	      7.27453375	      0.00000000	      0.00000000
   2514.85815430	   -999.00000000	    305.69024658	      6.67428827	      0.00000000	      0.00000000
   2845.66479492	   -999.00000000	    306.89849854	      6.06962824	      0.00000000	      0.00000000
   3214.15820313	   -999.00000000	    308.23126221	      5.46002579	      0.00000000	      0.00000000
   3624.63183594	   -999.00000000	    309.75051880	      4.82905912	      0.00000000	      0.00000000
   4081.86840820	   -999.00000000	    311.51342773	      4.16419411	      0.00000000	      0.00000000
   4581.86816406	   -999.00000000	    313.49920654	      3.48250771	      0.00000000	      0.00000000
   5081.86816406	   -999.00000000	    315.49072266	      2.85742974	      0.00000000	      0.00000000
   5581.86816406	   -999.00000000	    317.45382690	      2.29507613	      0.00000000	      0.00000000
   6081.86816406	   -999.00000000	    319.36349487	      1.79544795	      0.00000000	      0.00000000
   6581.86816406	   -999.00000000	    321.18399048	      1.36169016	      0.00000000	      0.00000000
   7081.86816406	   -999.00000000	    322.87213135	      1.00348401	      0.00000000	      0.00000000
   7581.86816406	   -999.00000000	    324.39532471	      0.72569710	      0.00000000	      0.00000000
   8081.86816406	   -999.00000000	    325.74783325	      0.52117682	      0.00000000	      0.00000000
   8581.86816406	   -999.00000000	    326.95275879	      0.37470046	      0.00000000	      0.00000000
   9081.86816406	   -999.00000000	    328.04928589	      0.26865762	      0.00000000	      0.00000000
   9581.86816406	   -999.00000000	    329.08444214	      0.18906207	      0.00000000	      0.00000000
  10081.86816406	   -999.00000000	    330.10018921	      0.12969412	      0.00000000	      0.00000000
  10581.86816406	   -999.00000000	    331.10000610	      0.08745153	      0.00000000	      0.00000000
  11081.86816406	   -999.00000000	    332.09582520	      0.05826909	      0.00000000	      0.00000000
  11581.86816406	   -999.00000000	    333.14639282	      0.03810981	      0.00000000	      0.00000000
  12081.86816406	   -999.00000000	    334.41372681	      0.02418409	      0.00000000	      0.00000000
  12581.86816406	   -999.00000000	    336.25860596	      0.01504463	      0.00000000	      0.00000000
  13081.86816406	   -999.00000000	    339.12121582	      0.00983246	      0.00000000	      0.00000000
  13581.86816406	   -999.00000000	    343.26174927	      0.00723216	      0.00000000	      0.00000000
  14081.86816406	   -999.00000000	    348.63928223	      0.00594633	      0.00000000	      0.00000000
  14581.86816406	   -999.00000000	    355.02593994	      0.00529041	      0.00000000	      0.00000000
  15081.86816406	   -999.00000000	    362.21670532	      0.00494154	      0.00000000	      0.00000000
  15581.86816406	   -999.00000000	    370.06726074	      0.00475850	      0.00000000	      0.00000000
  16081.86816406	   -999.00000000	    378.84323120	      0.00467550	      0.00000000	      0.00000000
  16581.86718750	   -999.00000000	    388.66790771	      0.00463633	      0.00000000	      0.00000000
  17081.86718750	   -999.00000000	    399.36340332	      0.00460250	      0.00000000	      0.00000000
  17581.86718750	   -999.00000000	    410.57821655	      0.00454800	      0.00000000	      0.00000000
  18081.86718750	   -999.00000000	    422.68328857	      0.00439199	      0.00000000	      0.00000000
  18581.86718750	   -999.00000000	    436.64401245	      0.00400963	      0.00000000	      0.00000000
  19081.86718750	   -999.00000000	    452.29510498	      0.00337088	      0.00000000	      0.00000000
  19581.86718750	   -999.00000000	    468.69024658	      0.00261418	      0.00000000	      0.00000000
  20081.86718750	   -999.00000000	    484.90557861	      0.00199916	      0.00000000	      0.00000000
  20590.05468750	   -999.00000000	    500.74618530	      0.00173416	      0.00000000	      0.00000000
  21149.06054688	   -999.00000000	    517.48107910	      0.00172871	      0.00000000	      0.00000000
  21763.96679688	   -999.00000000	    535.95965576	      0.00172823	      0.00000000	      0.00000000
  22440.36328125	   -999.00000000	    557.29907227	      0.00172393	      0.00000000	      0.00000000
  23184.40039063	   -999.00000000	    582.64752197	      0.00155554	      0.00000000	      0.00000000
  24002.83984375	   -999.00000000	    612.81146240	      0.00118969	      0.00000000	      0.00000000
  24903.12304688	   -999.00000000	    646.77563477	      0.00078063	      0.00000000	      0.00000000
  25893.43554688	   -999.00000000	    678.34674072	      0.00055024	      0.00000000	      0.00000000
  26982.77929688	   -999.00000000	    699.33752441	      0.00054448	      0.00000000	      0.00000000
