      z[m]      p[mb]      tp[K]    q[g/kg]     u[m/s]     v[m/s]
      0.00,         64,    1005.50
     25.00000000	   -999.00000000	    297.93103027	     15.94626427	      0.00000000	      0.00000000
     75.00000000	   -999.00000000	    297.83969116	     15.54847050	      0.00000000	      0.00000000
    127.84809875	   -999.00000000	    297.85607910	     15.40264130	      0.00000000	      0.00000000
    186.71687317	   -999.00000000	    297.89712524	     15.21808910	      0.00000000	      0.00000000
    252.29220581	   -999.00000000	    297.95654297	     14.99188519	      0.00000000	      0.00000000
    325.33816528	   -999.00000000	    298.03475952	     14.70972538	      0.00000000	      0.00000000
    406.70581055	   -999.00000000	    298.14016724	     14.37589359	      0.00000000	      0.00000000
    497.34317017	   -999.00000000	    298.28952026	     13.98065090	      0.00000000	      0.00000000
    598.30627441	   -999.00000000	    298.50961304	     13.50481606	      0.00000000	      0.00000000
    710.77154541	   -999.00000000	    298.83300781	     12.93255234	      0.00000000	      0.00000000
    836.04931641	   -999.00000000	    299.27249146	     12.29360771	      0.00000000	      0.00000000
    975.59924316	   -999.00000000	    299.80963135	     11.67031288	      0.00000000	      0.00000000
   1131.04724121	   -999.00000000	    300.41574097	     11.10442066	      0.00000000	      0.00000000
   1304.20446777	   -999.00000000	    301.09030151	     10.56815243	      0.00000000	      0.00000000
   1497.08850098	   -999.00000000	    301.84957886	     10.01500797	      0.00000000	      0.00000000
   1711.94665527	   -999.00000000	    302.70837402	      9.42112637	      0.00000000	      0.00000000
   1951.28234863	   -999.00000000	    303.67642212	      8.78523159	      0.00000000	      0.00000000
   2217.88403320	   -999.00000000	    304.76181030	      8.11513996	      0.00000000	      0.00000000
   2514.85815430	   -999.00000000	    305.97723389	      7.41393089	      0.00000000	      0.00000000
   2845.66479492	   -999.00000000	    307.33728027	      6.67806292	      0.00000000	      0.00000000
   3214.15820313	   -999.00000000	    308.85519409	      5.90674925	      0.00000000	      0.00000000
   3624.63183594	   -999.00000000	    310.55471802	      5.10150671	      0.00000000	      0.00000000
   4081.86840820	   -999.00000000	    312.47985840	      4.26530266	      0.00000000	      0.00000000
   4581.86816406	   -999.00000000	    314.61053467	      3.43310380	      0.00000000	      0.00000000
   5081.86816406	   -999.00000000	    316.67788696	      2.72110820	      0.00000000	      0.00000000
   5581.86816406	   -999.00000000	    318.61410522	      2.14173913	      0.00000000	      0.00000000
   6081.86816406	   -999.00000000	    320.41107178	      1.67756474	      0.00000000	      0.00000000
   6581.86816406	   -999.00000000	    322.08743286	      1.29719484	      0.00000000	      0.00000000
   7081.86816406	   -999.00000000	    323.64855957	      0.97851288	      0.00000000	      0.00000000
   7581.86816406	   -999.00000000	    325.07962036	      0.71396494	      0.00000000	      0.00000000
   8081.86816406	   -999.00000000	    326.36587524	      0.50418067	      0.00000000	      0.00000000
   8581.86816406	   -999.00000000	    327.49520874	      0.34878936	      0.00000000	      0.00000000
   9081.86816406	   -999.00000000	    328.46697998	      0.23944038	      0.00000000	      0.00000000
   9581.86816406	   -999.00000000	    329.29724121	      0.16445771	      0.00000000	      0.00000000
  10081.86816406	   -999.00000000	    330.02188110	      0.11313141	      0.00000000	      0.00000000
  10581.86816406	   -999.00000000	    330.68554688	      0.07783923	      0.00000000	      0.00000000
  11081.86816406	   -999.00000000	    331.34478760	      0.05278099	      0.00000000	      0.00000000
  11581.86816406	   -999.00000000	    332.09240723	      0.03436675	      0.00000000	      0.00000000
  12081.86816406	   -999.00000000	    333.12515259	      0.02126562	      0.00000000	      0.00000000
  12581.86816406	   -999.00000000	    334.83016968	      0.01283778	      0.00000000	      0.00000000
  13081.86816406	   -999.00000000	    337.72680664	      0.00829400	      0.00000000	      0.00000000
  13581.86816406	   -999.00000000	    342.18658447	      0.00630683	      0.00000000	      0.00000000
  14081.86816406	   -999.00000000	    348.16268921	      0.00548228	      0.00000000	      0.00000000
  14581.86816406	   -999.00000000	    355.25350952	      0.00506653	      0.00000000	      0.00000000
  15081.86816406	   -999.00000000	    363.01193237	      0.00477938	      0.00000000	      0.00000000
  15581.86816406	   -999.00000000	    371.06845093	      0.00453938	      0.00000000	      0.00000000
  16081.86816406	   -999.00000000	    379.43292236	      0.00433459	      0.00000000	      0.00000000
  16581.86718750	   -999.00000000	    388.19876099	      0.00416600	      0.00000000	      0.00000000
  17081.86718750	   -999.00000000	    397.67050171	      0.00403258	      0.00000000	      0.00000000
  17581.86718750	   -999.00000000	    408.23483276	      0.00391249	      0.00000000	      0.00000000
  18081.86718750	   -999.00000000	    420.41290283	      0.00376940	      0.00000000	      0.00000000
  18581.86718750	   -999.00000000	    435.09881592	      0.00353891	      0.00000000	      0.00000000
  19081.86718750	   -999.00000000	    451.88854980	      0.00316446	      0.00000000	      0.00000000
  19581.86718750	   -999.00000000	    469.77636719	      0.00265166	      0.00000000	      0.00000000
  20081.86718750	   -999.00000000	    487.19030762	      0.00211267	      0.00000000	      0.00000000
  20590.05468750	   -999.00000000	    503.61053467	      0.00170248	      0.00000000	      0.00000000
  21149.06054688	   -999.00000000	    520.54431152	      0.00151828	      0.00000000	      0.00000000
  21763.96679688	   -999.00000000	    539.03192139	      0.00151071	      0.00000000	      0.00000000
  22440.36328125	   -999.00000000	    560.40057373	      0.00150920	      0.00000000	      0.00000000
  23184.40039063	   -999.00000000	    585.74151611	      0.00149166	      0.00000000	      0.00000000
  24002.83984375	   -999.00000000	    615.50115967	      0.00136760	      0.00000000	      0.00000000
  24903.12304688	   -999.00000000	    647.83807373	      0.00118353	      0.00000000	      0.00000000
  25893.43554688	   -999.00000000	    675.93304443	      0.00106927	      0.00000000	      0.00000000
  26982.77929688	   -999.00000000	    692.62597656	      0.00106308	      0.00000000	      0.00000000
  10000.00,         64,    1005.50
     25.00000000	   -999.00000000	    297.93103027	     15.94626427	      0.00000000	      0.00000000
     75.00000000	   -999.00000000	    297.83969116	     15.54847050	      0.00000000	      0.00000000
    127.84809875	   -999.00000000	    297.85607910	     15.40264130	      0.00000000	      0.00000000
    186.71687317	   -999.00000000	    297.89712524	     15.21808910	      0.00000000	      0.00000000
    252.29220581	   -999.00000000	    297.95654297	     14.99188519	      0.00000000	      0.00000000
    325.33816528	   -999.00000000	    298.03475952	     14.70972538	      0.00000000	      0.00000000
    406.70581055	   -999.00000000	    298.14016724	     14.37589359	      0.00000000	      0.00000000
    497.34317017	   -999.00000000	    298.28952026	     13.98065090	      0.00000000	      0.00000000
    598.30627441	   -999.00000000	    298.50961304	     13.50481606	      0.00000000	      0.00000000
    710.77154541	   -999.00000000	    298.83300781	     12.93255234	      0.00000000	      0.00000000
    836.04931641	   -999.00000000	    299.27249146	     12.29360771	      0.00000000	      0.00000000
    975.59924316	   -999.00000000	    299.80963135	     11.67031288	      0.00000000	      0.00000000
   1131.04724121	   -999.00000000	    300.41574097	     11.10442066	      0.00000000	      0.00000000
   1304.20446777	   -999.00000000	    301.09030151	     10.56815243	      0.00000000	      0.00000000
   1497.08850098	   -999.00000000	    301.84957886	     10.01500797	      0.00000000	      0.00000000
   1711.94665527	   -999.00000000	    302.70837402	      9.42112637	      0.00000000	      0.00000000
   1951.28234863	   -999.00000000	    303.67642212	      8.78523159	      0.00000000	      0.00000000
   2217.88403320	   -999.00000000	    304.76181030	      8.11513996	      0.00000000	      0.00000000
   2514.85815430	   -999.00000000	    305.97723389	      7.41393089	      0.00000000	      0.00000000
   2845.66479492	   -999.00000000	    307.33728027	      6.67806292	      0.00000000	      0.00000000
   3214.15820313	   -999.00000000	    308.85519409	      5.90674925	      0.00000000	      0.00000000
   3624.63183594	   -999.00000000	    310.55471802	      5.10150671	      0.00000000	      0.00000000
   4081.86840820	   -999.00000000	    312.47985840	      4.26530266	      0.00000000	      0.00000000
   4581.86816406	   -999.00000000	    314.61053467	      3.43310380	      0.00000000	      0.00000000
   5081.86816406	   -999.00000000	    316.67788696	      2.72110820	      0.00000000	      0.00000000
   5581.86816406	   -999.00000000	    318.61410522	      2.14173913	      0.00000000	      0.00000000
   6081.86816406	   -999.00000000	    320.41107178	      1.67756474	      0.00000000	      0.00000000
   6581.86816406	   -999.00000000	    322.08743286	      1.29719484	      0.00000000	      0.00000000
   7081.86816406	   -999.00000000	    323.64855957	      0.97851288	      0.00000000	      0.00000000
   7581.86816406	   -999.00000000	    325.07962036	      0.71396494	      0.00000000	      0.00000000
   8081.86816406	   -999.00000000	    326.36587524	      0.50418067	      0.00000000	      0.00000000
   8581.86816406	   -999.00000000	    327.49520874	      0.34878936	      0.00000000	      0.00000000
   9081.86816406	   -999.00000000	    328.46697998	      0.23944038	      0.00000000	      0.00000000
   9581.86816406	   -999.00000000	    329.29724121	      0.16445771	      0.00000000	      0.00000000
  10081.86816406	   -999.00000000	    330.02188110	      0.11313141	      0.00000000	      0.00000000
  10581.86816406	   -999.00000000	    330.68554688	      0.07783923	      0.00000000	      0.00000000
  11081.86816406	   -999.00000000	    331.34478760	      0.05278099	      0.00000000	      0.00000000
  11581.86816406	   -999.00000000	    332.09240723	      0.03436675	      0.00000000	      0.00000000
  12081.86816406	   -999.00000000	    333.12515259	      0.02126562	      0.00000000	      0.00000000
  12581.86816406	   -999.00000000	    334.83016968	      0.01283778	      0.00000000	      0.00000000
  13081.86816406	   -999.00000000	    337.72680664	      0.00829400	      0.00000000	      0.00000000
  13581.86816406	   -999.00000000	    342.18658447	      0.00630683	      0.00000000	      0.00000000
  14081.86816406	   -999.00000000	    348.16268921	      0.00548228	      0.00000000	      0.00000000
  14581.86816406	   -999.00000000	    355.25350952	      0.00506653	      0.00000000	      0.00000000
  15081.86816406	   -999.00000000	    363.01193237	      0.00477938	      0.00000000	      0.00000000
  15581.86816406	   -999.00000000	    371.06845093	      0.00453938	      0.00000000	      0.00000000
  16081.86816406	   -999.00000000	    379.43292236	      0.00433459	      0.00000000	      0.00000000
  16581.86718750	   -999.00000000	    388.19876099	      0.00416600	      0.00000000	      0.00000000
  17081.86718750	   -999.00000000	    397.67050171	      0.00403258	      0.00000000	      0.00000000
  17581.86718750	   -999.00000000	    408.23483276	      0.00391249	      0.00000000	      0.00000000
  18081.86718750	   -999.00000000	    420.41290283	      0.00376940	      0.00000000	      0.00000000
  18581.86718750	   -999.00000000	    435.09881592	      0.00353891	      0.00000000	      0.00000000
  19081.86718750	   -999.00000000	    451.88854980	      0.00316446	      0.00000000	      0.00000000
  19581.86718750	   -999.00000000	    469.77636719	      0.00265166	      0.00000000	      0.00000000
  20081.86718750	   -999.00000000	    487.19030762	      0.00211267	      0.00000000	      0.00000000
  20590.05468750	   -999.00000000	    503.61053467	      0.00170248	      0.00000000	      0.00000000
  21149.06054688	   -999.00000000	    520.54431152	      0.00151828	      0.00000000	      0.00000000
  21763.96679688	   -999.00000000	    539.03192139	      0.00151071	      0.00000000	      0.00000000
  22440.36328125	   -999.00000000	    560.40057373	      0.00150920	      0.00000000	      0.00000000
  23184.40039063	   -999.00000000	    585.74151611	      0.00149166	      0.00000000	      0.00000000
  24002.83984375	   -999.00000000	    615.50115967	      0.00136760	      0.00000000	      0.00000000
  24903.12304688	   -999.00000000	    647.83807373	      0.00118353	      0.00000000	      0.00000000
  25893.43554688	   -999.00000000	    675.93304443	      0.00106927	      0.00000000	      0.00000000
  26982.77929688	   -999.00000000	    692.62597656	      0.00106308	      0.00000000	      0.00000000
