      z[m]      p[mb]      tp[K]    q[g/kg]     u[m/s]     v[m/s]
      0.00,         64,    1005.50
     25.00000000	   -999.00000000	    298.67498779	     16.49347305	      0.00000000	      0.00000000
     75.00000000	   -999.00000000	    298.60723877	     16.15486908	      0.00000000	      0.00000000
    127.84809875	   -999.00000000	    298.60638428	     16.05450249	      0.00000000	      0.00000000
    186.71687317	   -999.00000000	    298.61730957	     15.91585732	      0.00000000	      0.00000000
    252.29220581	   -999.00000000	    298.64019775	     15.72431183	      0.00000000	      0.00000000
    325.33816528	   -999.00000000	    298.68173218	     15.45644855	      0.00000000	      0.00000000
    406.70581055	   -999.00000000	    298.75543213	     15.09839535	      0.00000000	      0.00000000
    497.34317017	   -999.00000000	    298.89028931	     14.61356258	      0.00000000	      0.00000000
    598.30627441	   -999.00000000	    299.13064575	     13.96007156	      0.00000000	      0.00000000
    710.77154541	   -999.00000000	    299.51535034	     13.14993668	      0.00000000	      0.00000000
    836.04931641	   -999.00000000	    300.03723145	     12.30951405	      0.00000000	      0.00000000
    975.59924316	   -999.00000000	    300.64694214	     11.56520462	      0.00000000	      0.00000000
   1131.04724121	   -999.00000000	    301.31613159	     10.92182446	      0.00000000	      0.00000000
   1304.20446777	   -999.00000000	    302.05114746	     10.33060265	      0.00000000	      0.00000000
   1497.08850098	   -999.00000000	    302.87167358	      9.75283813	      0.00000000	      0.00000000
   1711.94665527	   -999.00000000	    303.78756714	      9.16168404	      0.00000000	      0.00000000
   1951.28234863	   -999.00000000	    304.79144287	      8.54571247	      0.00000000	      0.00000000
   2217.88403320	   -999.00000000	    305.87634277	      7.90732908	      0.00000000	      0.00000000
   2514.85815430	   -999.00000000	    307.03402710	      7.25912285	      0.00000000	      0.00000000
   2845.66479492	   -999.00000000	    308.27139282	      6.61073494	      0.00000000	      0.00000000
   3214.15820313	   -999.00000000	    309.62179565	      5.96061134	      0.00000000	      0.00000000
   3624.63183594	   -999.00000000	    311.14990234	      5.29894590	      0.00000000	      0.00000000
   4081.86840820	   -999.00000000	    312.93161011	      4.60786724	      0.00000000	      0.00000000
   4581.86816406	   -999.00000000	    314.94906616	      3.89188385	      0.00000000	      0.00000000
   5081.86816406	   -999.00000000	    316.98788452	      3.22694182	      0.00000000	      0.00000000
   5581.86816406	   -999.00000000	    319.00674438	      2.62679052	      0.00000000	      0.00000000
   6081.86816406	   -999.00000000	    320.98193359	      2.09102273	      0.00000000	      0.00000000
   6581.86816406	   -999.00000000	    322.88397217	      1.61925018	      0.00000000	      0.00000000
   7081.86816406	   -999.00000000	    324.67434692	      1.21516526	      0.00000000	      0.00000000
   7581.86816406	   -999.00000000	    326.31774902	      0.88576061	      0.00000000	      0.00000000
   8081.86816406	   -999.00000000	    327.79693604	      0.63407433	      0.00000000	      0.00000000
   8581.86816406	   -999.00000000	    329.12054443	      0.45302761	      0.00000000	      0.00000000
   9081.86816406	   -999.00000000	    330.31408691	      0.32467166	      0.00000000	      0.00000000
   9581.86816406	   -999.00000000	    331.41503906	      0.23115726	      0.00000000	      0.00000000
  10081.86816406	   -999.00000000	    332.46359253	      0.16154325	      0.00000000	      0.00000000
  10581.86816406	   -999.00000000	    333.48678589	      0.11052888	      0.00000000	      0.00000000
  11081.86816406	   -999.00000000	    334.50805664	      0.07433912	      0.00000000	      0.00000000
  11581.86816406	   -999.00000000	    335.54794312	      0.04936848	      0.00000000	      0.00000000
  12081.86816406	   -999.00000000	    336.71234131	      0.03167393	      0.00000000	      0.00000000
  12581.86816406	   -999.00000000	    338.28985596	      0.01971084	      0.00000000	      0.00000000
  13081.86816406	   -999.00000000	    340.72564697	      0.01255773	      0.00000000	      0.00000000
  13581.86816406	   -999.00000000	    344.40542603	      0.00884210	      0.00000000	      0.00000000
  14081.86816406	   -999.00000000	    349.45339966	      0.00702244	      0.00000000	      0.00000000
  14581.86816406	   -999.00000000	    355.78631592	      0.00616375	      0.00000000	      0.00000000
  15081.86816406	   -999.00000000	    363.10449219	      0.00578021	      0.00000000	      0.00000000
  15581.86816406	   -999.00000000	    371.07846069	      0.00558728	      0.00000000	      0.00000000
  16081.86816406	   -999.00000000	    379.39697266	      0.00545492	      0.00000000	      0.00000000
  16581.86718750	   -999.00000000	    387.85675049	      0.00534587	      0.00000000	      0.00000000
  17081.86718750	   -999.00000000	    396.70935059	      0.00524385	      0.00000000	      0.00000000
  17581.86718750	   -999.00000000	    406.42633057	      0.00509740	      0.00000000	      0.00000000
  18081.86718750	   -999.00000000	    417.72109985	      0.00480190	      0.00000000	      0.00000000
  18581.86718750	   -999.00000000	    431.71093750	      0.00422616	      0.00000000	      0.00000000
  19081.86718750	   -999.00000000	    447.49478149	      0.00341768	      0.00000000	      0.00000000
  19581.86718750	   -999.00000000	    464.67657471	      0.00255949	      0.00000000	      0.00000000
  20081.86718750	   -999.00000000	    481.55209351	      0.00199820	      0.00000000	      0.00000000
  20590.05468750	   -999.00000000	    497.72509766	      0.00185349	      0.00000000	      0.00000000
  21149.06054688	   -999.00000000	    514.54302979	      0.00185080	      0.00000000	      0.00000000
  21763.96679688	   -999.00000000	    532.95367432	      0.00184672	      0.00000000	      0.00000000
  22440.36328125	   -999.00000000	    554.18151855	      0.00176537	      0.00000000	      0.00000000
  23184.40039063	   -999.00000000	    579.49591064	      0.00151336	      0.00000000	      0.00000000
  24002.83984375	   -999.00000000	    609.66748047	      0.00112554	      0.00000000	      0.00000000
  24903.12304688	   -999.00000000	    643.28356934	      0.00075744	      0.00000000	      0.00000000
  25893.43554688	   -999.00000000	    673.63458252	      0.00057877	      0.00000000	      0.00000000
  26982.77929688	   -999.00000000	    692.70214844	      0.00057490	      0.00000000	      0.00000000
  10000.00,         64,    1005.50
     25.00000000	   -999.00000000	    298.67498779	     16.49347305	      0.00000000	      0.00000000
     75.00000000	   -999.00000000	    298.60723877	     16.15486908	      0.00000000	      0.00000000
    127.84809875	   -999.00000000	    298.60638428	     16.05450249	      0.00000000	      0.00000000
    186.71687317	   -999.00000000	    298.61730957	     15.91585732	      0.00000000	      0.00000000
    252.29220581	   -999.00000000	    298.64019775	     15.72431183	      0.00000000	      0.00000000
    325.33816528	   -999.00000000	    298.68173218	     15.45644855	      0.00000000	      0.00000000
    406.70581055	   -999.00000000	    298.75543213	     15.09839535	      0.00000000	      0.00000000
    497.34317017	   -999.00000000	    298.89028931	     14.61356258	      0.00000000	      0.00000000
    598.30627441	   -999.00000000	    299.13064575	     13.96007156	      0.00000000	      0.00000000
    710.77154541	   -999.00000000	    299.51535034	     13.14993668	      0.00000000	      0.00000000
    836.04931641	   -999.00000000	    300.03723145	     12.30951405	      0.00000000	      0.00000000
    975.59924316	   -999.00000000	    300.64694214	     11.56520462	      0.00000000	      0.00000000
   1131.04724121	   -999.00000000	    301.31613159	     10.92182446	      0.00000000	      0.00000000
   1304.20446777	   -999.00000000	    302.05114746	     10.33060265	      0.00000000	      0.00000000
   1497.08850098	   -999.00000000	    302.87167358	      9.75283813	      0.00000000	      0.00000000
   1711.94665527	   -999.00000000	    303.78756714	      9.16168404	      0.00000000	      0.00000000
   1951.28234863	   -999.00000000	    304.79144287	      8.54571247	      0.00000000	      0.00000000
   2217.88403320	   -999.00000000	    305.87634277	      7.90732908	      0.00000000	      0.00000000
   2514.85815430	   -999.00000000	    307.03402710	      7.25912285	      0.00000000	      0.00000000
   2845.66479492	   -999.00000000	    308.27139282	      6.61073494	      0.00000000	      0.00000000
   3214.15820313	   -999.00000000	    309.62179565	      5.96061134	      0.00000000	      0.00000000
   3624.63183594	   -999.00000000	    311.14990234	      5.29894590	      0.00000000	      0.00000000
   4081.86840820	   -999.00000000	    312.93161011	      4.60786724	      0.00000000	      0.00000000
   4581.86816406	   -999.00000000	    314.94906616	      3.89188385	      0.00000000	      0.00000000
   5081.86816406	   -999.00000000	    316.98788452	      3.22694182	      0.00000000	      0.00000000
   5581.86816406	   -999.00000000	    319.00674438	      2.62679052	      0.00000000	      0.00000000
   6081.86816406	   -999.00000000	    320.98193359	      2.09102273	      0.00000000	      0.00000000
   6581.86816406	   -999.00000000	    322.88397217	      1.61925018	      0.00000000	      0.00000000
   7081.86816406	   -999.00000000	    324.67434692	      1.21516526	      0.00000000	      0.00000000
   7581.86816406	   -999.00000000	    326.31774902	      0.88576061	      0.00000000	      0.00000000
   8081.86816406	   -999.00000000	    327.79693604	      0.63407433	      0.00000000	      0.00000000
   8581.86816406	   -999.00000000	    329.12054443	      0.45302761	      0.00000000	      0.00000000
   9081.86816406	   -999.00000000	    330.31408691	      0.32467166	      0.00000000	      0.00000000
   9581.86816406	   -999.00000000	    331.41503906	      0.23115726	      0.00000000	      0.00000000
  10081.86816406	   -999.00000000	    332.46359253	      0.16154325	      0.00000000	      0.00000000
  10581.86816406	   -999.00000000	    333.48678589	      0.11052888	      0.00000000	      0.00000000
  11081.86816406	   -999.00000000	    334.50805664	      0.07433912	      0.00000000	      0.00000000
  11581.86816406	   -999.00000000	    335.54794312	      0.04936848	      0.00000000	      0.00000000
  12081.86816406	   -999.00000000	    336.71234131	      0.03167393	      0.00000000	      0.00000000
  12581.86816406	   -999.00000000	    338.28985596	      0.01971084	      0.00000000	      0.00000000
  13081.86816406	   -999.00000000	    340.72564697	      0.01255773	      0.00000000	      0.00000000
  13581.86816406	   -999.00000000	    344.40542603	      0.00884210	      0.00000000	      0.00000000
  14081.86816406	   -999.00000000	    349.45339966	      0.00702244	      0.00000000	      0.00000000
  14581.86816406	   -999.00000000	    355.78631592	      0.00616375	      0.00000000	      0.00000000
  15081.86816406	   -999.00000000	    363.10449219	      0.00578021	      0.00000000	      0.00000000
  15581.86816406	   -999.00000000	    371.07846069	      0.00558728	      0.00000000	      0.00000000
  16081.86816406	   -999.00000000	    379.39697266	      0.00545492	      0.00000000	      0.00000000
  16581.86718750	   -999.00000000	    387.85675049	      0.00534587	      0.00000000	      0.00000000
  17081.86718750	   -999.00000000	    396.70935059	      0.00524385	      0.00000000	      0.00000000
  17581.86718750	   -999.00000000	    406.42633057	      0.00509740	      0.00000000	      0.00000000
  18081.86718750	   -999.00000000	    417.72109985	      0.00480190	      0.00000000	      0.00000000
  18581.86718750	   -999.00000000	    431.71093750	      0.00422616	      0.00000000	      0.00000000
  19081.86718750	   -999.00000000	    447.49478149	      0.00341768	      0.00000000	      0.00000000
  19581.86718750	   -999.00000000	    464.67657471	      0.00255949	      0.00000000	      0.00000000
  20081.86718750	   -999.00000000	    481.55209351	      0.00199820	      0.00000000	      0.00000000
  20590.05468750	   -999.00000000	    497.72509766	      0.00185349	      0.00000000	      0.00000000
  21149.06054688	   -999.00000000	    514.54302979	      0.00185080	      0.00000000	      0.00000000
  21763.96679688	   -999.00000000	    532.95367432	      0.00184672	      0.00000000	      0.00000000
  22440.36328125	   -999.00000000	    554.18151855	      0.00176537	      0.00000000	      0.00000000
  23184.40039063	   -999.00000000	    579.49591064	      0.00151336	      0.00000000	      0.00000000
  24002.83984375	   -999.00000000	    609.66748047	      0.00112554	      0.00000000	      0.00000000
  24903.12304688	   -999.00000000	    643.28356934	      0.00075744	      0.00000000	      0.00000000
  25893.43554688	   -999.00000000	    673.63458252	      0.00057877	      0.00000000	      0.00000000
  26982.77929688	   -999.00000000	    692.70214844	      0.00057490	      0.00000000	      0.00000000
