      z[m]      p[mb]      tp[K]    q[g/kg]     u[m/s]     v[m/s]
      0.00,         29,    1005.50
   -999.00000000	   1000.00000000	    294.78486231	     15.90399429	      0.00000000	      0.00000000
   -999.00000000	    975.00000000	    294.86988995	     15.65391237	      0.00000000	      0.00000000
   -999.00000000	    950.00000000	    295.43682054	     14.87052731	      0.00000000	      0.00000000
   -999.00000000	    925.00000000	    296.52783762	     13.50268332	      0.00000000	      0.00000000
   -999.00000000	    900.00000000	    297.82342682	     12.25991169	      0.00000000	      0.00000000
   -999.00000000	    875.00000000	    299.30354391	     11.12876555	      0.00000000	      0.00000000
   -999.00000000	    850.00000000	    300.89503046	     10.04093616	      0.00000000	      0.00000000
   -999.00000000	    825.00000000	    302.43158334	      9.06916547	      0.00000000	      0.00000000
   -999.00000000	    800.00000000	    303.88740868	      8.21940431	      0.00000000	      0.00000000
   -999.00000000	    775.00000000	    305.30872999	      7.44878395	      0.00000000	      0.00000000
   -999.00000000	    750.00000000	    306.74479195	      6.72011428	      0.00000000	      0.00000000
   -999.00000000	    700.00000000	    309.60397081	      5.41338191	      0.00000000	      0.00000000
   -999.00000000	    650.00000000	    312.46499646	      4.29443129	      0.00000000	      0.00000000
   -999.00000000	    600.00000000	    315.56152771	      3.41227044	      0.00000000	      0.00000000
   -999.00000000	    550.00000000	    319.31679534	      2.64563638	      0.00000000	      0.00000000
   -999.00000000	    500.00000000	    323.19546393	      1.85158297	      0.00000000	      0.00000000
   -999.00000000	    450.00000000	    327.13149432	      1.23912450	      0.00000000	      0.00000000
   -999.00000000	    400.00000000	    330.93507146	      0.80907700	      0.00000000	      0.00000000
   -999.00000000	    350.00000000	    334.52632339	      0.50379463	      0.00000000	      0.00000000
   -999.00000000	    300.00000000	    337.88447923	      0.28634048	      0.00000000	      0.00000000
   -999.00000000	    250.00000000	    341.15736702	      0.13710287	      0.00000000	      0.00000000
   -999.00000000	    225.00000000	    342.81151431	      0.08418889	      0.00000000	      0.00000000
   -999.00000000	    200.00000000	    344.55971853	      0.04574141	      0.00000000	      0.00000000
   -999.00000000	    175.00000000	    346.65843292	      0.02200778	      0.00000000	      0.00000000
   -999.00000000	    150.00000000	    349.82647542	      0.00963543	      0.00000000	      0.00000000
   -999.00000000	    125.00000000	    355.74411876	      0.00425489	      0.00000000	      0.00000000
   -999.00000000	    100.00000000	    369.68729810	      0.00249968	      0.00000000	      0.00000000
   -999.00000000	     70.00000000	    420.80244316	      0.00249951	      0.00000000	      0.00000000
   -999.00000000	     50.00000000	    482.87715381	      0.00257895	      0.00000000	      0.00000000
  10000.00,         29,    1005.50
   -999.00000000	   1000.00000000	    294.78486231	     15.90399429	      0.00000000	      0.00000000
   -999.00000000	    975.00000000	    294.86988995	     15.65391237	      0.00000000	      0.00000000
   -999.00000000	    950.00000000	    295.43682054	     14.87052731	      0.00000000	      0.00000000
   -999.00000000	    925.00000000	    296.52783762	     13.50268332	      0.00000000	      0.00000000
   -999.00000000	    900.00000000	    297.82342682	     12.25991169	      0.00000000	      0.00000000
   -999.00000000	    875.00000000	    299.30354391	     11.12876555	      0.00000000	      0.00000000
   -999.00000000	    850.00000000	    300.89503046	     10.04093616	      0.00000000	      0.00000000
   -999.00000000	    825.00000000	    302.43158334	      9.06916547	      0.00000000	      0.00000000
   -999.00000000	    800.00000000	    303.88740868	      8.21940431	      0.00000000	      0.00000000
   -999.00000000	    775.00000000	    305.30872999	      7.44878395	      0.00000000	      0.00000000
   -999.00000000	    750.00000000	    306.74479195	      6.72011428	      0.00000000	      0.00000000
   -999.00000000	    700.00000000	    309.60397081	      5.41338191	      0.00000000	      0.00000000
   -999.00000000	    650.00000000	    312.46499646	      4.29443129	      0.00000000	      0.00000000
   -999.00000000	    600.00000000	    315.56152771	      3.41227044	      0.00000000	      0.00000000
   -999.00000000	    550.00000000	    319.31679534	      2.64563638	      0.00000000	      0.00000000
   -999.00000000	    500.00000000	    323.19546393	      1.85158297	      0.00000000	      0.00000000
   -999.00000000	    450.00000000	    327.13149432	      1.23912450	      0.00000000	      0.00000000
   -999.00000000	    400.00000000	    330.93507146	      0.80907700	      0.00000000	      0.00000000
   -999.00000000	    350.00000000	    334.52632339	      0.50379463	      0.00000000	      0.00000000
   -999.00000000	    300.00000000	    337.88447923	      0.28634048	      0.00000000	      0.00000000
   -999.00000000	    250.00000000	    341.15736702	      0.13710287	      0.00000000	      0.00000000
   -999.00000000	    225.00000000	    342.81151431	      0.08418889	      0.00000000	      0.00000000
   -999.00000000	    200.00000000	    344.55971853	      0.04574141	      0.00000000	      0.00000000
   -999.00000000	    175.00000000	    346.65843292	      0.02200778	      0.00000000	      0.00000000
   -999.00000000	    150.00000000	    349.82647542	      0.00963543	      0.00000000	      0.00000000
   -999.00000000	    125.00000000	    355.74411876	      0.00425489	      0.00000000	      0.00000000
   -999.00000000	    100.00000000	    369.68729810	      0.00249968	      0.00000000	      0.00000000
   -999.00000000	     70.00000000	    420.80244316	      0.00249951	      0.00000000	      0.00000000
   -999.00000000	     50.00000000	    482.87715381	      0.00257895	      0.00000000	      0.00000000
