      z[m]      p[mb]      tp[K]    q[g/kg]     u[m/s]     v[m/s]
      0.00,         64,    1005.50
     25.00000000	   -999.00000000	    299.27893066	     17.43766975	      0.00000000	      0.00000000
     75.00000000	   -999.00000000	    299.19372559	     17.02929688	      0.00000000	      0.00000000
    127.84809875	   -999.00000000	    299.20986938	     16.87581635	      0.00000000	      0.00000000
    186.71687317	   -999.00000000	    299.25149536	     16.68075943	      0.00000000	      0.00000000
    252.29220581	   -999.00000000	    299.31402588	     16.44517136	      0.00000000	      0.00000000
    325.33816528	   -999.00000000	    299.39736938	     16.15470886	      0.00000000	      0.00000000
    406.70581055	   -999.00000000	    299.51269531	     15.81042194	      0.00000000	      0.00000000
    497.34317017	   -999.00000000	    299.67715454	     15.39634609	      0.00000000	      0.00000000
    598.30627441	   -999.00000000	    299.92044067	     14.88765621	      0.00000000	      0.00000000
    710.77154541	   -999.00000000	    300.27252197	     14.27170753	      0.00000000	      0.00000000
    836.04931641	   -999.00000000	    300.73828125	     13.60443687	      0.00000000	      0.00000000
    975.59924316	   -999.00000000	    301.28927612	     12.98017597	      0.00000000	      0.00000000
   1131.04724121	   -999.00000000	    301.90634155	     12.41833687	      0.00000000	      0.00000000
   1304.20446777	   -999.00000000	    302.59939575	     11.87350273	      0.00000000	      0.00000000
   1497.08850098	   -999.00000000	    303.38751221	     11.29689217	      0.00000000	      0.00000000
   1711.94665527	   -999.00000000	    304.28549194	     10.66923141	      0.00000000	      0.00000000
   1951.28234863	   -999.00000000	    305.29623413	      9.99687290	      0.00000000	      0.00000000
   2217.88403320	   -999.00000000	    306.42178345	      9.28898144	      0.00000000	      0.00000000
   2514.85815430	   -999.00000000	    307.67657471	      8.54302025	      0.00000000	      0.00000000
   2845.66479492	   -999.00000000	    309.08361816	      7.75262785	      0.00000000	      0.00000000
   3214.15820313	   -999.00000000	    310.65521240	      6.92154932	      0.00000000	      0.00000000
   3624.63183594	   -999.00000000	    312.39926147	      6.06099558	      0.00000000	      0.00000000
   4081.86840820	   -999.00000000	    314.34939575	      5.17593002	      0.00000000	      0.00000000
   4581.86816406	   -999.00000000	    316.52532959	      4.27293301	      0.00000000	      0.00000000
   5081.86816406	   -999.00000000	    318.70587158	      3.45075226	      0.00000000	      0.00000000
   5581.86816406	   -999.00000000	    320.78509521	      2.75175118	      0.00000000	      0.00000000
   6081.86816406	   -999.00000000	    322.71560669	      2.17924070	      0.00000000	      0.00000000
   6581.86816406	   -999.00000000	    324.49490356	      1.71329975	      0.00000000	      0.00000000
   7081.86816406	   -999.00000000	    326.12500000	      1.33083880	      0.00000000	      0.00000000
   7581.86816406	   -999.00000000	    327.60885620	      1.01508021	      0.00000000	      0.00000000
   8081.86816406	   -999.00000000	    328.96478271	      0.75212461	      0.00000000	      0.00000000
   8581.86816406	   -999.00000000	    330.20922852	      0.53630292	      0.00000000	      0.00000000
   9081.86816406	   -999.00000000	    331.34045410	      0.36896905	      0.00000000	      0.00000000
   9581.86816406	   -999.00000000	    332.35342407	      0.24843982	      0.00000000	      0.00000000
  10081.86816406	   -999.00000000	    333.25656128	      0.16657916	      0.00000000	      0.00000000
  10581.86816406	   -999.00000000	    334.07302856	      0.11233792	      0.00000000	      0.00000000
  11081.86816406	   -999.00000000	    334.83676147	      0.07626686	      0.00000000	      0.00000000
  11581.86816406	   -999.00000000	    335.60086060	      0.05145035	      0.00000000	      0.00000000
  12081.86816406	   -999.00000000	    336.47854614	      0.03323871	      0.00000000	      0.00000000
  12581.86816406	   -999.00000000	    337.72488403	      0.02023489	      0.00000000	      0.00000000
  13081.86816406	   -999.00000000	    339.76840210	      0.01217994	      0.00000000	      0.00000000
  13581.86816406	   -999.00000000	    343.10351563	      0.00813047	      0.00000000	      0.00000000
  14081.86816406	   -999.00000000	    348.02343750	      0.00639881	      0.00000000	      0.00000000
  14581.86816406	   -999.00000000	    354.39007568	      0.00562916	      0.00000000	      0.00000000
  15081.86816406	   -999.00000000	    361.79428101	      0.00520626	      0.00000000	      0.00000000
  15581.86816406	   -999.00000000	    369.81506348	      0.00491576	      0.00000000	      0.00000000
  16081.86816406	   -999.00000000	    378.19610596	      0.00468189	      0.00000000	      0.00000000
  16581.86718750	   -999.00000000	    386.86709595	      0.00447934	      0.00000000	      0.00000000
  17081.86718750	   -999.00000000	    395.82360840	      0.00429924	      0.00000000	      0.00000000
  17581.86718750	   -999.00000000	    405.86984253	      0.00411035	      0.00000000	      0.00000000
  18081.86718750	   -999.00000000	    418.21362305	      0.00384831	      0.00000000	      0.00000000
  18581.86718750	   -999.00000000	    433.55526733	      0.00344963	      0.00000000	      0.00000000
  19081.86718750	   -999.00000000	    450.83969116	      0.00293980	      0.00000000	      0.00000000
  19581.86718750	   -999.00000000	    468.60076904	      0.00243089	      0.00000000	      0.00000000
  20081.86718750	   -999.00000000	    485.40667725	      0.00206887	      0.00000000	      0.00000000
  20590.05468750	   -999.00000000	    501.08120728	      0.00186849	      0.00000000	      0.00000000
  21149.06054688	   -999.00000000	    517.24023438	      0.00177798	      0.00000000	      0.00000000
  21763.96679688	   -999.00000000	    535.09106445	      0.00177025	      0.00000000	      0.00000000
  22440.36328125	   -999.00000000	    556.04827881	      0.00172848	      0.00000000	      0.00000000
  23184.40039063	   -999.00000000	    581.27099609	      0.00163063	      0.00000000	      0.00000000
  24002.83984375	   -999.00000000	    610.97430420	      0.00144349	      0.00000000	      0.00000000
  24903.12304688	   -999.00000000	    642.98284912	      0.00123875	      0.00000000	      0.00000000
  25893.43554688	   -999.00000000	    670.10760498	      0.00113704	      0.00000000	      0.00000000
  26982.77929688	   -999.00000000	    685.54266357	      0.00113080	      0.00000000	      0.00000000
  10000.00,         64,    1005.50
     25.00000000	   -999.00000000	    299.27893066	     17.43766975	      0.00000000	      0.00000000
     75.00000000	   -999.00000000	    299.19372559	     17.02929688	      0.00000000	      0.00000000
    127.84809875	   -999.00000000	    299.20986938	     16.87581635	      0.00000000	      0.00000000
    186.71687317	   -999.00000000	    299.25149536	     16.68075943	      0.00000000	      0.00000000
    252.29220581	   -999.00000000	    299.31402588	     16.44517136	      0.00000000	      0.00000000
    325.33816528	   -999.00000000	    299.39736938	     16.15470886	      0.00000000	      0.00000000
    406.70581055	   -999.00000000	    299.51269531	     15.81042194	      0.00000000	      0.00000000
    497.34317017	   -999.00000000	    299.67715454	     15.39634609	      0.00000000	      0.00000000
    598.30627441	   -999.00000000	    299.92044067	     14.88765621	      0.00000000	      0.00000000
    710.77154541	   -999.00000000	    300.27252197	     14.27170753	      0.00000000	      0.00000000
    836.04931641	   -999.00000000	    300.73828125	     13.60443687	      0.00000000	      0.00000000
    975.59924316	   -999.00000000	    301.28927612	     12.98017597	      0.00000000	      0.00000000
   1131.04724121	   -999.00000000	    301.90634155	     12.41833687	      0.00000000	      0.00000000
   1304.20446777	   -999.00000000	    302.59939575	     11.87350273	      0.00000000	      0.00000000
   1497.08850098	   -999.00000000	    303.38751221	     11.29689217	      0.00000000	      0.00000000
   1711.94665527	   -999.00000000	    304.28549194	     10.66923141	      0.00000000	      0.00000000
   1951.28234863	   -999.00000000	    305.29623413	      9.99687290	      0.00000000	      0.00000000
   2217.88403320	   -999.00000000	    306.42178345	      9.28898144	      0.00000000	      0.00000000
   2514.85815430	   -999.00000000	    307.67657471	      8.54302025	      0.00000000	      0.00000000
   2845.66479492	   -999.00000000	    309.08361816	      7.75262785	      0.00000000	      0.00000000
   3214.15820313	   -999.00000000	    310.65521240	      6.92154932	      0.00000000	      0.00000000
   3624.63183594	   -999.00000000	    312.39926147	      6.06099558	      0.00000000	      0.00000000
   4081.86840820	   -999.00000000	    314.34939575	      5.17593002	      0.00000000	      0.00000000
   4581.86816406	   -999.00000000	    316.52532959	      4.27293301	      0.00000000	      0.00000000
   5081.86816406	   -999.00000000	    318.70587158	      3.45075226	      0.00000000	      0.00000000
   5581.86816406	   -999.00000000	    320.78509521	      2.75175118	      0.00000000	      0.00000000
   6081.86816406	   -999.00000000	    322.71560669	      2.17924070	      0.00000000	      0.00000000
   6581.86816406	   -999.00000000	    324.49490356	      1.71329975	      0.00000000	      0.00000000
   7081.86816406	   -999.00000000	    326.12500000	      1.33083880	      0.00000000	      0.00000000
   7581.86816406	   -999.00000000	    327.60885620	      1.01508021	      0.00000000	      0.00000000
   8081.86816406	   -999.00000000	    328.96478271	      0.75212461	      0.00000000	      0.00000000
   8581.86816406	   -999.00000000	    330.20922852	      0.53630292	      0.00000000	      0.00000000
   9081.86816406	   -999.00000000	    331.34045410	      0.36896905	      0.00000000	      0.00000000
   9581.86816406	   -999.00000000	    332.35342407	      0.24843982	      0.00000000	      0.00000000
  10081.86816406	   -999.00000000	    333.25656128	      0.16657916	      0.00000000	      0.00000000
  10581.86816406	   -999.00000000	    334.07302856	      0.11233792	      0.00000000	      0.00000000
  11081.86816406	   -999.00000000	    334.83676147	      0.07626686	      0.00000000	      0.00000000
  11581.86816406	   -999.00000000	    335.60086060	      0.05145035	      0.00000000	      0.00000000
  12081.86816406	   -999.00000000	    336.47854614	      0.03323871	      0.00000000	      0.00000000
  12581.86816406	   -999.00000000	    337.72488403	      0.02023489	      0.00000000	      0.00000000
  13081.86816406	   -999.00000000	    339.76840210	      0.01217994	      0.00000000	      0.00000000
  13581.86816406	   -999.00000000	    343.10351563	      0.00813047	      0.00000000	      0.00000000
  14081.86816406	   -999.00000000	    348.02343750	      0.00639881	      0.00000000	      0.00000000
  14581.86816406	   -999.00000000	    354.39007568	      0.00562916	      0.00000000	      0.00000000
  15081.86816406	   -999.00000000	    361.79428101	      0.00520626	      0.00000000	      0.00000000
  15581.86816406	   -999.00000000	    369.81506348	      0.00491576	      0.00000000	      0.00000000
  16081.86816406	   -999.00000000	    378.19610596	      0.00468189	      0.00000000	      0.00000000
  16581.86718750	   -999.00000000	    386.86709595	      0.00447934	      0.00000000	      0.00000000
  17081.86718750	   -999.00000000	    395.82360840	      0.00429924	      0.00000000	      0.00000000
  17581.86718750	   -999.00000000	    405.86984253	      0.00411035	      0.00000000	      0.00000000
  18081.86718750	   -999.00000000	    418.21362305	      0.00384831	      0.00000000	      0.00000000
  18581.86718750	   -999.00000000	    433.55526733	      0.00344963	      0.00000000	      0.00000000
  19081.86718750	   -999.00000000	    450.83969116	      0.00293980	      0.00000000	      0.00000000
  19581.86718750	   -999.00000000	    468.60076904	      0.00243089	      0.00000000	      0.00000000
  20081.86718750	   -999.00000000	    485.40667725	      0.00206887	      0.00000000	      0.00000000
  20590.05468750	   -999.00000000	    501.08120728	      0.00186849	      0.00000000	      0.00000000
  21149.06054688	   -999.00000000	    517.24023438	      0.00177798	      0.00000000	      0.00000000
  21763.96679688	   -999.00000000	    535.09106445	      0.00177025	      0.00000000	      0.00000000
  22440.36328125	   -999.00000000	    556.04827881	      0.00172848	      0.00000000	      0.00000000
  23184.40039063	   -999.00000000	    581.27099609	      0.00163063	      0.00000000	      0.00000000
  24002.83984375	   -999.00000000	    610.97430420	      0.00144349	      0.00000000	      0.00000000
  24903.12304688	   -999.00000000	    642.98284912	      0.00123875	      0.00000000	      0.00000000
  25893.43554688	   -999.00000000	    670.10760498	      0.00113704	      0.00000000	      0.00000000
  26982.77929688	   -999.00000000	    685.54266357	      0.00113080	      0.00000000	      0.00000000
