      z[m]      p[mb]      tp[K]    q[g/kg]     u[m/s]     v[m/s]
      0.00,         64,    1005.50
     25.00000000	   -999.00000000	    299.93566895	     18.04265404	      0.00000000	      0.00000000
     75.00000000	   -999.00000000	    299.86883545	     17.68842316	      0.00000000	      0.00000000
    127.84809875	   -999.00000000	    299.86703491	     17.58345985	      0.00000000	      0.00000000
    186.71687317	   -999.00000000	    299.87692261	     17.43608475	      0.00000000	      0.00000000
    252.29220581	   -999.00000000	    299.90078735	     17.23073387	      0.00000000	      0.00000000
    325.33816528	   -999.00000000	    299.94363403	     16.94154167	      0.00000000	      0.00000000
    406.70581055	   -999.00000000	    300.02325439	     16.54782867	      0.00000000	      0.00000000
    497.34317017	   -999.00000000	    300.17285156	     16.00355339	      0.00000000	      0.00000000
    598.30627441	   -999.00000000	    300.43759155	     15.26774883	      0.00000000	      0.00000000
    710.77154541	   -999.00000000	    300.84826660	     14.38611507	      0.00000000	      0.00000000
    836.04931641	   -999.00000000	    301.38427734	     13.51373768	      0.00000000	      0.00000000
    975.59924316	   -999.00000000	    302.00088501	     12.76976871	      0.00000000	      0.00000000
   1131.04724121	   -999.00000000	    302.68026733	     12.13435745	      0.00000000	      0.00000000
   1304.20446777	   -999.00000000	    303.43420410	     11.53766060	      0.00000000	      0.00000000
   1497.08850098	   -999.00000000	    304.28244019	     10.92932606	      0.00000000	      0.00000000
   1711.94665527	   -999.00000000	    305.23547363	     10.28678703	      0.00000000	      0.00000000
   1951.28234863	   -999.00000000	    306.29556274	      9.60005379	      0.00000000	      0.00000000
   2217.88403320	   -999.00000000	    307.45358276	      8.87400246	      0.00000000	      0.00000000
   2514.85815430	   -999.00000000	    308.69415283	      8.12790298	      0.00000000	      0.00000000
   2845.66479492	   -999.00000000	    310.00436401	      7.38578463	      0.00000000	      0.00000000
   3214.15820313	   -999.00000000	    311.39297485	      6.66088724	      0.00000000	      0.00000000
   3624.63183594	   -999.00000000	    312.91455078	      5.94622231	      0.00000000	      0.00000000
   4081.86840820	   -999.00000000	    314.66009521	      5.21865559	      0.00000000	      0.00000000
   4581.86816406	   -999.00000000	    316.67642212	      4.47167540	      0.00000000	      0.00000000
   5081.86816406	   -999.00000000	    318.76315308	      3.76843619	      0.00000000	      0.00000000
   5581.86816406	   -999.00000000	    320.86636353	      3.12003231	      0.00000000	      0.00000000
   6081.86816406	   -999.00000000	    322.95339966	      2.53237724	      0.00000000	      0.00000000
   6581.86816406	   -999.00000000	    324.99270630	      2.00512624	      0.00000000	      0.00000000
   7081.86816406	   -999.00000000	    326.94964600	      1.54051459	      0.00000000	      0.00000000
   7581.86816406	   -999.00000000	    328.78030396	      1.14904654	      0.00000000	      0.00000000
   8081.86816406	   -999.00000000	    330.45059204	      0.83879960	      0.00000000	      0.00000000
   8581.86816406	   -999.00000000	    331.95269775	      0.60483152	      0.00000000	      0.00000000
   9081.86816406	   -999.00000000	    333.30603027	      0.43461323	      0.00000000	      0.00000000
   9581.86816406	   -999.00000000	    334.53799438	      0.31144062	      0.00000000	      0.00000000
  10081.86816406	   -999.00000000	    335.69244385	      0.22118180	      0.00000000	      0.00000000
  10581.86816406	   -999.00000000	    336.81140137	      0.15406737	      0.00000000	      0.00000000
  11081.86816406	   -999.00000000	    337.90402222	      0.10590940	      0.00000000	      0.00000000
  11581.86816406	   -999.00000000	    338.99258423	      0.07194457	      0.00000000	      0.00000000
  12081.86816406	   -999.00000000	    340.15170288	      0.04767688	      0.00000000	      0.00000000
  12581.86816406	   -999.00000000	    341.53802490	      0.03054477	      0.00000000	      0.00000000
  13081.86816406	   -999.00000000	    343.43646240	      0.01923951	      0.00000000	      0.00000000
  13581.86816406	   -999.00000000	    346.26599121	      0.01263334	      0.00000000	      0.00000000
  14081.86816406	   -999.00000000	    350.32479858	      0.00916955	      0.00000000	      0.00000000
  14581.86816406	   -999.00000000	    355.65951538	      0.00741936	      0.00000000	      0.00000000
  15081.86816406	   -999.00000000	    362.05725098	      0.00653681	      0.00000000	      0.00000000
  15581.86816406	   -999.00000000	    369.25079346	      0.00608053	      0.00000000	      0.00000000
  16081.86816406	   -999.00000000	    377.07702637	      0.00583784	      0.00000000	      0.00000000
  16581.86718750	   -999.00000000	    385.57684326	      0.00570353	      0.00000000	      0.00000000
  17081.86718750	   -999.00000000	    395.02246094	      0.00559973	      0.00000000	      0.00000000
  17581.86718750	   -999.00000000	    405.78756714	      0.00544286	      0.00000000	      0.00000000
  18081.86718750	   -999.00000000	    418.12640381	      0.00507932	      0.00000000	      0.00000000
  18581.86718750	   -999.00000000	    432.58447266	      0.00436956	      0.00000000	      0.00000000
  19081.86718750	   -999.00000000	    448.47338867	      0.00338878	      0.00000000	      0.00000000
  19581.86718750	   -999.00000000	    465.01052856	      0.00243234	      0.00000000	      0.00000000
  20081.86718750	   -999.00000000	    481.01864624	      0.00188481	      0.00000000	      0.00000000
  20590.05468750	   -999.00000000	    496.51589966	      0.00178271	      0.00000000	      0.00000000
  21149.06054688	   -999.00000000	    512.97924805	      0.00178128	      0.00000000	      0.00000000
  21763.96679688	   -999.00000000	    531.29235840	      0.00177532	      0.00000000	      0.00000000
  22440.36328125	   -999.00000000	    552.47564697	      0.00167259	      0.00000000	      0.00000000
  23184.40039063	   -999.00000000	    577.53778076	      0.00140956	      0.00000000	      0.00000000
  24002.83984375	   -999.00000000	    607.14862061	      0.00104648	      0.00000000	      0.00000000
  24903.12304688	   -999.00000000	    640.13928223	      0.00073113	      0.00000000	      0.00000000
  25893.43554688	   -999.00000000	    670.41021729	      0.00059867	      0.00000000	      0.00000000
  26982.77929688	   -999.00000000	    690.29107666	      0.00059564	      0.00000000	      0.00000000
  10000.00,         64,    1005.50
     25.00000000	   -999.00000000	    299.93566895	     18.04265404	      0.00000000	      0.00000000
     75.00000000	   -999.00000000	    299.86883545	     17.68842316	      0.00000000	      0.00000000
    127.84809875	   -999.00000000	    299.86703491	     17.58345985	      0.00000000	      0.00000000
    186.71687317	   -999.00000000	    299.87692261	     17.43608475	      0.00000000	      0.00000000
    252.29220581	   -999.00000000	    299.90078735	     17.23073387	      0.00000000	      0.00000000
    325.33816528	   -999.00000000	    299.94363403	     16.94154167	      0.00000000	      0.00000000
    406.70581055	   -999.00000000	    300.02325439	     16.54782867	      0.00000000	      0.00000000
    497.34317017	   -999.00000000	    300.17285156	     16.00355339	      0.00000000	      0.00000000
    598.30627441	   -999.00000000	    300.43759155	     15.26774883	      0.00000000	      0.00000000
    710.77154541	   -999.00000000	    300.84826660	     14.38611507	      0.00000000	      0.00000000
    836.04931641	   -999.00000000	    301.38427734	     13.51373768	      0.00000000	      0.00000000
    975.59924316	   -999.00000000	    302.00088501	     12.76976871	      0.00000000	      0.00000000
   1131.04724121	   -999.00000000	    302.68026733	     12.13435745	      0.00000000	      0.00000000
   1304.20446777	   -999.00000000	    303.43420410	     11.53766060	      0.00000000	      0.00000000
   1497.08850098	   -999.00000000	    304.28244019	     10.92932606	      0.00000000	      0.00000000
   1711.94665527	   -999.00000000	    305.23547363	     10.28678703	      0.00000000	      0.00000000
   1951.28234863	   -999.00000000	    306.29556274	      9.60005379	      0.00000000	      0.00000000
   2217.88403320	   -999.00000000	    307.45358276	      8.87400246	      0.00000000	      0.00000000
   2514.85815430	   -999.00000000	    308.69415283	      8.12790298	      0.00000000	      0.00000000
   2845.66479492	   -999.00000000	    310.00436401	      7.38578463	      0.00000000	      0.00000000
   3214.15820313	   -999.00000000	    311.39297485	      6.66088724	      0.00000000	      0.00000000
   3624.63183594	   -999.00000000	    312.91455078	      5.94622231	      0.00000000	      0.00000000
   4081.86840820	   -999.00000000	    314.66009521	      5.21865559	      0.00000000	      0.00000000
   4581.86816406	   -999.00000000	    316.67642212	      4.47167540	      0.00000000	      0.00000000
   5081.86816406	   -999.00000000	    318.76315308	      3.76843619	      0.00000000	      0.00000000
   5581.86816406	   -999.00000000	    320.86636353	      3.12003231	      0.00000000	      0.00000000
   6081.86816406	   -999.00000000	    322.95339966	      2.53237724	      0.00000000	      0.00000000
   6581.86816406	   -999.00000000	    324.99270630	      2.00512624	      0.00000000	      0.00000000
   7081.86816406	   -999.00000000	    326.94964600	      1.54051459	      0.00000000	      0.00000000
   7581.86816406	   -999.00000000	    328.78030396	      1.14904654	      0.00000000	      0.00000000
   8081.86816406	   -999.00000000	    330.45059204	      0.83879960	      0.00000000	      0.00000000
   8581.86816406	   -999.00000000	    331.95269775	      0.60483152	      0.00000000	      0.00000000
   9081.86816406	   -999.00000000	    333.30603027	      0.43461323	      0.00000000	      0.00000000
   9581.86816406	   -999.00000000	    334.53799438	      0.31144062	      0.00000000	      0.00000000
  10081.86816406	   -999.00000000	    335.69244385	      0.22118180	      0.00000000	      0.00000000
  10581.86816406	   -999.00000000	    336.81140137	      0.15406737	      0.00000000	      0.00000000
  11081.86816406	   -999.00000000	    337.90402222	      0.10590940	      0.00000000	      0.00000000
  11581.86816406	   -999.00000000	    338.99258423	      0.07194457	      0.00000000	      0.00000000
  12081.86816406	   -999.00000000	    340.15170288	      0.04767688	      0.00000000	      0.00000000
  12581.86816406	   -999.00000000	    341.53802490	      0.03054477	      0.00000000	      0.00000000
  13081.86816406	   -999.00000000	    343.43646240	      0.01923951	      0.00000000	      0.00000000
  13581.86816406	   -999.00000000	    346.26599121	      0.01263334	      0.00000000	      0.00000000
  14081.86816406	   -999.00000000	    350.32479858	      0.00916955	      0.00000000	      0.00000000
  14581.86816406	   -999.00000000	    355.65951538	      0.00741936	      0.00000000	      0.00000000
  15081.86816406	   -999.00000000	    362.05725098	      0.00653681	      0.00000000	      0.00000000
  15581.86816406	   -999.00000000	    369.25079346	      0.00608053	      0.00000000	      0.00000000
  16081.86816406	   -999.00000000	    377.07702637	      0.00583784	      0.00000000	      0.00000000
  16581.86718750	   -999.00000000	    385.57684326	      0.00570353	      0.00000000	      0.00000000
  17081.86718750	   -999.00000000	    395.02246094	      0.00559973	      0.00000000	      0.00000000
  17581.86718750	   -999.00000000	    405.78756714	      0.00544286	      0.00000000	      0.00000000
  18081.86718750	   -999.00000000	    418.12640381	      0.00507932	      0.00000000	      0.00000000
  18581.86718750	   -999.00000000	    432.58447266	      0.00436956	      0.00000000	      0.00000000
  19081.86718750	   -999.00000000	    448.47338867	      0.00338878	      0.00000000	      0.00000000
  19581.86718750	   -999.00000000	    465.01052856	      0.00243234	      0.00000000	      0.00000000
  20081.86718750	   -999.00000000	    481.01864624	      0.00188481	      0.00000000	      0.00000000
  20590.05468750	   -999.00000000	    496.51589966	      0.00178271	      0.00000000	      0.00000000
  21149.06054688	   -999.00000000	    512.97924805	      0.00178128	      0.00000000	      0.00000000
  21763.96679688	   -999.00000000	    531.29235840	      0.00177532	      0.00000000	      0.00000000
  22440.36328125	   -999.00000000	    552.47564697	      0.00167259	      0.00000000	      0.00000000
  23184.40039063	   -999.00000000	    577.53778076	      0.00140956	      0.00000000	      0.00000000
  24002.83984375	   -999.00000000	    607.14862061	      0.00104648	      0.00000000	      0.00000000
  24903.12304688	   -999.00000000	    640.13928223	      0.00073113	      0.00000000	      0.00000000
  25893.43554688	   -999.00000000	    670.41021729	      0.00059867	      0.00000000	      0.00000000
  26982.77929688	   -999.00000000	    690.29107666	      0.00059564	      0.00000000	      0.00000000
