      z[m]      p[mb]      tp[K]    q[g/kg]     u[m/s]     v[m/s]
      0.00,         64,    1005.50
     25.00000000	   -999.00000000	    299.10562134	     16.39705276	      0.00000000	      0.00000000
     83.51000214	   -999.00000000	    299.05111694	     15.90572929	      0.00000000	      0.00000000
    152.28999329	   -999.00000000	    299.10482788	     15.78905964	      0.00000000	      0.00000000
    233.53999329	   -999.00000000	    299.17541504	     15.69106007	      0.00000000	      0.00000000
    330.01000977	   -999.00000000	    299.25933838	     15.56405926	      0.00000000	      0.00000000
    445.17001343	   -999.00000000	    299.37423706	     15.34758377	      0.00000000	      0.00000000
    583.38000488	   -999.00000000	    299.57531738	     14.95330620	      0.00000000	      0.00000000
    750.01000977	   -999.00000000	    299.98657227	     14.21233940	      0.00000000	      0.00000000
    951.58001709	   -999.00000000	    300.69964600	     13.16907978	      0.00000000	      0.00000000
   1195.53002930	   -999.00000000	    301.69415283	     12.06161690	      0.00000000	      0.00000000
   1489.44995117	   -999.00000000	    302.94079590	     10.99134350	      0.00000000	      0.00000000
   1839.10998535	   -999.00000000	    304.42764282	      9.93495369	      0.00000000	      0.00000000
   2244.66992188	   -999.00000000	    306.15051270	      8.84404278	      0.00000000	      0.00000000
   2697.28002930	   -999.00000000	    308.08004761	      7.72166204	      0.00000000	      0.00000000
   3182.01000977	   -999.00000000	    310.16134644	      6.61594439	      0.00000000	      0.00000000
   3681.28002930	   -999.00000000	    312.32305908	      5.57701826	      0.00000000	      0.00000000
   4181.50976563	   -999.00000000	    314.51181030	      4.63147068	      0.00000000	      0.00000000
   4681.00000000	   -999.00000000	    316.70993042	      3.78680396	      0.00000000	      0.00000000
   5180.93994141	   -999.00000000	    318.87084961	      3.05723810	      0.00000000	      0.00000000
   5681.06982422	   -999.00000000	    320.94836426	      2.43771362	      0.00000000	      0.00000000
   6181.08984375	   -999.00000000	    322.95004272	      1.90045702	      0.00000000	      0.00000000
   6681.04980469	   -999.00000000	    324.87390137	      1.43564165	      0.00000000	      0.00000000
   7181.04980469	   -999.00000000	    326.67919922	      1.05486059	      0.00000000	      0.00000000
   7681.06005859	   -999.00000000	    328.30755615	      0.76583505	      0.00000000	      0.00000000
   8181.06005859	   -999.00000000	    329.73681641	      0.55550247	      0.00000000	      0.00000000
   8681.05957031	   -999.00000000	    330.97998047	      0.40165344	      0.00000000	      0.00000000
   9181.05957031	   -999.00000000	    332.05603027	      0.28663889	      0.00000000	      0.00000000
   9681.04980469	   -999.00000000	    332.97845459	      0.20123017	      0.00000000	      0.00000000
  10181.04003906	   -999.00000000	    333.76635742	      0.13947242	      0.00000000	      0.00000000
  10681.11035156	   -999.00000000	    334.44219971	      0.09623735	      0.00000000	      0.00000000
  11181.13964844	   -999.00000000	    335.02963257	      0.06704284	      0.00000000	      0.00000000
  11680.87988281	   -999.00000000	    335.56637573	      0.04717200	      0.00000000	      0.00000000
  12180.76953125	   -999.00000000	    336.15664673	      0.03269888	      0.00000000	      0.00000000
  12681.71972656	   -999.00000000	    337.18182373	      0.01927414	      0.00000000	      0.00000000
  13182.12011719	   -999.00000000	    339.10009766	      0.01099615	      0.00000000	      0.00000000
  13676.61035156	   -999.00000000	    342.35952759	      0.00769396	      0.00000000	      0.00000000
  14155.59960938	   -999.00000000	    347.37597656	      0.00658254	      0.00000000	      0.00000000
  14606.75976563	   -999.00000000	    353.99108887	      0.00617647	      0.00000000	      0.00000000
  15019.34960938	   -999.00000000	    361.24441528	      0.00636229	      0.00000000	      0.00000000
  15386.38964844	   -999.00000000	    368.04013062	      0.00685087	      0.00000000	      0.00000000
  15706.25976563	   -999.00000000	    373.92095947	      0.00722427	      0.00000000	      0.00000000
  15981.98046875	   -999.00000000	    379.05264282	      0.00723915	      0.00000000	      0.00000000
  16218.66992188	   -999.00000000	    383.70291138	      0.00683837	      0.00000000	      0.00000000
  16422.36914063	   -999.00000000	    387.98815918	      0.00609692	      0.00000000	      0.00000000
  16599.28906250	   -999.00000000	    391.94293213	      0.00523642	      0.00000000	      0.00000000
  16754.97070313	   -999.00000000	    395.62997437	      0.00447014	      0.00000000	      0.00000000
  16894.13085938	   -999.00000000	    399.06445313	      0.00392138	      0.00000000	      0.00000000
  17020.66015625	   -999.00000000	    402.24069214	      0.00361525	      0.00000000	      0.00000000
  17137.80078125	   -999.00000000	    405.17871094	      0.00350158	      0.00000000	      0.00000000
  17248.09960938	   -999.00000000	    407.92596436	      0.00348466	      0.00000000	      0.00000000
  17353.49023438	   -999.00000000	    410.54165649	      0.00348732	      0.00000000	      0.00000000
  17455.50976563	   -999.00000000	    413.07437134	      0.00348715	      0.00000000	      0.00000000
  17555.42968750	   -999.00000000	    415.56369019	      0.00347791	      0.00000000	      0.00000000
  17654.27929688	   -999.00000000	    418.03271484	      0.00346009	      0.00000000	      0.00000000
  17752.85937500	   -999.00000000	    420.50027466	      0.00344004	      0.00000000	      0.00000000
  17851.68945313	   -999.00000000	    422.98883057	      0.00342525	      0.00000000	      0.00000000
  17951.08007813	   -999.00000000	    425.53057861	      0.00341930	      0.00000000	      0.00000000
  18051.08007813	   -999.00000000	    428.15841675	      0.00341886	      0.00000000	      0.00000000
  18151.57031250	   -999.00000000	    430.85919189	      0.00341878	      0.00000000	      0.00000000
  18252.36914063	   -999.00000000	    433.58709717	      0.00341844	      0.00000000	      0.00000000
  18353.34960938	   -999.00000000	    436.31146240	      0.00341808	      0.00000000	      0.00000000
  18454.38085938	   -999.00000000	    439.03604126	      0.00341800	      0.00000000	      0.00000000
  18555.35937500	   -999.00000000	    441.78839111	      0.00341799	      0.00000000	      0.00000000
  18656.21093750	   -999.00000000	    444.55062866	      0.00341812	      0.00000000	      0.00000000
  10000.00,         64,    1005.50
     25.00000000	   -999.00000000	    299.10562134	     16.39705276	      0.00000000	      0.00000000
     83.51000214	   -999.00000000	    299.05111694	     15.90572929	      0.00000000	      0.00000000
    152.28999329	   -999.00000000	    299.10482788	     15.78905964	      0.00000000	      0.00000000
    233.53999329	   -999.00000000	    299.17541504	     15.69106007	      0.00000000	      0.00000000
    330.01000977	   -999.00000000	    299.25933838	     15.56405926	      0.00000000	      0.00000000
    445.17001343	   -999.00000000	    299.37423706	     15.34758377	      0.00000000	      0.00000000
    583.38000488	   -999.00000000	    299.57531738	     14.95330620	      0.00000000	      0.00000000
    750.01000977	   -999.00000000	    299.98657227	     14.21233940	      0.00000000	      0.00000000
    951.58001709	   -999.00000000	    300.69964600	     13.16907978	      0.00000000	      0.00000000
   1195.53002930	   -999.00000000	    301.69415283	     12.06161690	      0.00000000	      0.00000000
   1489.44995117	   -999.00000000	    302.94079590	     10.99134350	      0.00000000	      0.00000000
   1839.10998535	   -999.00000000	    304.42764282	      9.93495369	      0.00000000	      0.00000000
   2244.66992188	   -999.00000000	    306.15051270	      8.84404278	      0.00000000	      0.00000000
   2697.28002930	   -999.00000000	    308.08004761	      7.72166204	      0.00000000	      0.00000000
   3182.01000977	   -999.00000000	    310.16134644	      6.61594439	      0.00000000	      0.00000000
   3681.28002930	   -999.00000000	    312.32305908	      5.57701826	      0.00000000	      0.00000000
   4181.50976563	   -999.00000000	    314.51181030	      4.63147068	      0.00000000	      0.00000000
   4681.00000000	   -999.00000000	    316.70993042	      3.78680396	      0.00000000	      0.00000000
   5180.93994141	   -999.00000000	    318.87084961	      3.05723810	      0.00000000	      0.00000000
   5681.06982422	   -999.00000000	    320.94836426	      2.43771362	      0.00000000	      0.00000000
   6181.08984375	   -999.00000000	    322.95004272	      1.90045702	      0.00000000	      0.00000000
   6681.04980469	   -999.00000000	    324.87390137	      1.43564165	      0.00000000	      0.00000000
   7181.04980469	   -999.00000000	    326.67919922	      1.05486059	      0.00000000	      0.00000000
   7681.06005859	   -999.00000000	    328.30755615	      0.76583505	      0.00000000	      0.00000000
   8181.06005859	   -999.00000000	    329.73681641	      0.55550247	      0.00000000	      0.00000000
   8681.05957031	   -999.00000000	    330.97998047	      0.40165344	      0.00000000	      0.00000000
   9181.05957031	   -999.00000000	    332.05603027	      0.28663889	      0.00000000	      0.00000000
   9681.04980469	   -999.00000000	    332.97845459	      0.20123017	      0.00000000	      0.00000000
  10181.04003906	   -999.00000000	    333.76635742	      0.13947242	      0.00000000	      0.00000000
  10681.11035156	   -999.00000000	    334.44219971	      0.09623735	      0.00000000	      0.00000000
  11181.13964844	   -999.00000000	    335.02963257	      0.06704284	      0.00000000	      0.00000000
  11680.87988281	   -999.00000000	    335.56637573	      0.04717200	      0.00000000	      0.00000000
  12180.76953125	   -999.00000000	    336.15664673	      0.03269888	      0.00000000	      0.00000000
  12681.71972656	   -999.00000000	    337.18182373	      0.01927414	      0.00000000	      0.00000000
  13182.12011719	   -999.00000000	    339.10009766	      0.01099615	      0.00000000	      0.00000000
  13676.61035156	   -999.00000000	    342.35952759	      0.00769396	      0.00000000	      0.00000000
  14155.59960938	   -999.00000000	    347.37597656	      0.00658254	      0.00000000	      0.00000000
  14606.75976563	   -999.00000000	    353.99108887	      0.00617647	      0.00000000	      0.00000000
  15019.34960938	   -999.00000000	    361.24441528	      0.00636229	      0.00000000	      0.00000000
  15386.38964844	   -999.00000000	    368.04013062	      0.00685087	      0.00000000	      0.00000000
  15706.25976563	   -999.00000000	    373.92095947	      0.00722427	      0.00000000	      0.00000000
  15981.98046875	   -999.00000000	    379.05264282	      0.00723915	      0.00000000	      0.00000000
  16218.66992188	   -999.00000000	    383.70291138	      0.00683837	      0.00000000	      0.00000000
  16422.36914063	   -999.00000000	    387.98815918	      0.00609692	      0.00000000	      0.00000000
  16599.28906250	   -999.00000000	    391.94293213	      0.00523642	      0.00000000	      0.00000000
  16754.97070313	   -999.00000000	    395.62997437	      0.00447014	      0.00000000	      0.00000000
  16894.13085938	   -999.00000000	    399.06445313	      0.00392138	      0.00000000	      0.00000000
  17020.66015625	   -999.00000000	    402.24069214	      0.00361525	      0.00000000	      0.00000000
  17137.80078125	   -999.00000000	    405.17871094	      0.00350158	      0.00000000	      0.00000000
  17248.09960938	   -999.00000000	    407.92596436	      0.00348466	      0.00000000	      0.00000000
  17353.49023438	   -999.00000000	    410.54165649	      0.00348732	      0.00000000	      0.00000000
  17455.50976563	   -999.00000000	    413.07437134	      0.00348715	      0.00000000	      0.00000000
  17555.42968750	   -999.00000000	    415.56369019	      0.00347791	      0.00000000	      0.00000000
  17654.27929688	   -999.00000000	    418.03271484	      0.00346009	      0.00000000	      0.00000000
  17752.85937500	   -999.00000000	    420.50027466	      0.00344004	      0.00000000	      0.00000000
  17851.68945313	   -999.00000000	    422.98883057	      0.00342525	      0.00000000	      0.00000000
  17951.08007813	   -999.00000000	    425.53057861	      0.00341930	      0.00000000	      0.00000000
  18051.08007813	   -999.00000000	    428.15841675	      0.00341886	      0.00000000	      0.00000000
  18151.57031250	   -999.00000000	    430.85919189	      0.00341878	      0.00000000	      0.00000000
  18252.36914063	   -999.00000000	    433.58709717	      0.00341844	      0.00000000	      0.00000000
  18353.34960938	   -999.00000000	    436.31146240	      0.00341808	      0.00000000	      0.00000000
  18454.38085938	   -999.00000000	    439.03604126	      0.00341800	      0.00000000	      0.00000000
  18555.35937500	   -999.00000000	    441.78839111	      0.00341799	      0.00000000	      0.00000000
  18656.21093750	   -999.00000000	    444.55062866	      0.00341812	      0.00000000	      0.00000000
