      z[m]      p[mb]      tp[K]    q[g/kg]     u[m/s]     v[m/s]
      0.00,         64,    1005.50
     25.00000000	   -999.00000000	    299.81082153	     18.04749870	      0.00000000	      0.00000000
     75.00000000	   -999.00000000	    299.72644043	     17.62893486	      0.00000000	      0.00000000
    127.84809875	   -999.00000000	    299.74288940	     17.47068596	      0.00000000	      0.00000000
    186.71687317	   -999.00000000	    299.78469849	     17.27055168	      0.00000000	      0.00000000
    252.29220581	   -999.00000000	    299.84756470	     17.02965736	      0.00000000	      0.00000000
    325.33816528	   -999.00000000	    299.93383789	     16.73341942	      0.00000000	      0.00000000
    406.70581055	   -999.00000000	    300.05233765	     16.38331795	      0.00000000	      0.00000000
    497.34317017	   -999.00000000	    300.22097778	     15.96347809	      0.00000000	      0.00000000
    598.30627441	   -999.00000000	    300.46798706	     15.44932747	      0.00000000	      0.00000000
    710.77154541	   -999.00000000	    300.82199097	     14.82887554	      0.00000000	      0.00000000
    836.04931641	   -999.00000000	    301.28579712	     14.16368294	      0.00000000	      0.00000000
    975.59924316	   -999.00000000	    301.83166504	     13.54533958	      0.00000000	      0.00000000
   1131.04724121	   -999.00000000	    302.44421387	     12.98515892	      0.00000000	      0.00000000
   1304.20446777	   -999.00000000	    303.13766479	     12.42980289	      0.00000000	      0.00000000
   1497.08850098	   -999.00000000	    303.93539429	     11.82878780	      0.00000000	      0.00000000
   1711.94665527	   -999.00000000	    304.85125732	     11.16546917	      0.00000000	      0.00000000
   1951.28234863	   -999.00000000	    305.88842773	     10.45146847	      0.00000000	      0.00000000
   2217.88403320	   -999.00000000	    307.04641724	      9.70227146	      0.00000000	      0.00000000
   2514.85815430	   -999.00000000	    308.33319092	      8.91962814	      0.00000000	      0.00000000
   2845.66479492	   -999.00000000	    309.77288818	      8.09708309	      0.00000000	      0.00000000
   3214.15820313	   -999.00000000	    311.37838745	      7.23685551	      0.00000000	      0.00000000
   3624.63183594	   -999.00000000	    313.15728760	      6.34780788	      0.00000000	      0.00000000
   4081.86840820	   -999.00000000	    315.13711548	      5.43147898	      0.00000000	      0.00000000
   4581.86816406	   -999.00000000	    317.33151245	      4.50038719	      0.00000000	      0.00000000
   5081.86816406	   -999.00000000	    319.53982544	      3.65046215	      0.00000000	      0.00000000
   5581.86816406	   -999.00000000	    321.67321777	      2.92058039	      0.00000000	      0.00000000
   6081.86816406	   -999.00000000	    323.67211914	      2.32102346	      0.00000000	      0.00000000
   6581.86816406	   -999.00000000	    325.53436279	      1.82989335	      0.00000000	      0.00000000
   7081.86816406	   -999.00000000	    327.26895142	      1.42260897	      0.00000000	      0.00000000
   7581.86816406	   -999.00000000	    328.87631226	      1.08525598	      0.00000000	      0.00000000
   8081.86816406	   -999.00000000	    330.34985352	      0.80797499	      0.00000000	      0.00000000
   8581.86816406	   -999.00000000	    331.69717407	      0.58146912	      0.00000000	      0.00000000
   9081.86816406	   -999.00000000	    332.91458130	      0.40506026	      0.00000000	      0.00000000
   9581.86816406	   -999.00000000	    333.99530029	      0.27641210	      0.00000000	      0.00000000
  10081.86816406	   -999.00000000	    334.95339966	      0.18716137	      0.00000000	      0.00000000
  10581.86816406	   -999.00000000	    335.81195068	      0.12700334	      0.00000000	      0.00000000
  11081.86816406	   -999.00000000	    336.60418701	      0.08678392	      0.00000000	      0.00000000
  11581.86816406	   -999.00000000	    337.38592529	      0.05897475	      0.00000000	      0.00000000
  12081.86816406	   -999.00000000	    338.25164795	      0.03892396	      0.00000000	      0.00000000
  12581.86816406	   -999.00000000	    339.40286255	      0.02436147	      0.00000000	      0.00000000
  13081.86816406	   -999.00000000	    341.21426392	      0.01477300	      0.00000000	      0.00000000
  13581.86816406	   -999.00000000	    344.18252563	      0.00956892	      0.00000000	      0.00000000
  14081.86816406	   -999.00000000	    348.69189453	      0.00725245	      0.00000000	      0.00000000
  14581.86816406	   -999.00000000	    354.70227051	      0.00622833	      0.00000000	      0.00000000
  15081.86816406	   -999.00000000	    361.83248901	      0.00567355	      0.00000000	      0.00000000
  15581.86816406	   -999.00000000	    369.65213013	      0.00529919	      0.00000000	      0.00000000
  16081.86816406	   -999.00000000	    377.88964844	      0.00502016	      0.00000000	      0.00000000
  16581.86718750	   -999.00000000	    386.64785767	      0.00479890	      0.00000000	      0.00000000
  17081.86718750	   -999.00000000	    396.00881958	      0.00461310	      0.00000000	      0.00000000
  17581.86718750	   -999.00000000	    406.34628296	      0.00443504	      0.00000000	      0.00000000
  18081.86718750	   -999.00000000	    418.15829468	      0.00422727	      0.00000000	      0.00000000
  18581.86718750	   -999.00000000	    432.22665405	      0.00393345	      0.00000000	      0.00000000
  19081.86718750	   -999.00000000	    448.37213135	      0.00351904	      0.00000000	      0.00000000
  19581.86718750	   -999.00000000	    465.77297974	      0.00298756	      0.00000000	      0.00000000
  20081.86718750	   -999.00000000	    483.10626221	      0.00240448	      0.00000000	      0.00000000
  20590.05468750	   -999.00000000	    499.94302368	      0.00185768	      0.00000000	      0.00000000
  21149.06054688	   -999.00000000	    517.43908691	      0.00141361	      0.00000000	      0.00000000
  21763.96679688	   -999.00000000	    536.33721924	      0.00113810	      0.00000000	      0.00000000
  22440.36328125	   -999.00000000	    557.77642822	      0.00100588	      0.00000000	      0.00000000
  23184.40039063	   -999.00000000	    582.89080811	      0.00095898	      0.00000000	      0.00000000
  24002.83984375	   -999.00000000	    612.22253418	      0.00091335	      0.00000000	      0.00000000
  24903.12304688	   -999.00000000	    643.89782715	      0.00086365	      0.00000000	      0.00000000
  25893.43554688	   -999.00000000	    670.89355469	      0.00083687	      0.00000000	      0.00000000
  26982.77929688	   -999.00000000	    686.44793701	      0.00083377	      0.00000000	      0.00000000
  10000.00,         64,    1005.50
     25.00000000	   -999.00000000	    299.81082153	     18.04749870	      0.00000000	      0.00000000
     75.00000000	   -999.00000000	    299.72644043	     17.62893486	      0.00000000	      0.00000000
    127.84809875	   -999.00000000	    299.74288940	     17.47068596	      0.00000000	      0.00000000
    186.71687317	   -999.00000000	    299.78469849	     17.27055168	      0.00000000	      0.00000000
    252.29220581	   -999.00000000	    299.84756470	     17.02965736	      0.00000000	      0.00000000
    325.33816528	   -999.00000000	    299.93383789	     16.73341942	      0.00000000	      0.00000000
    406.70581055	   -999.00000000	    300.05233765	     16.38331795	      0.00000000	      0.00000000
    497.34317017	   -999.00000000	    300.22097778	     15.96347809	      0.00000000	      0.00000000
    598.30627441	   -999.00000000	    300.46798706	     15.44932747	      0.00000000	      0.00000000
    710.77154541	   -999.00000000	    300.82199097	     14.82887554	      0.00000000	      0.00000000
    836.04931641	   -999.00000000	    301.28579712	     14.16368294	      0.00000000	      0.00000000
    975.59924316	   -999.00000000	    301.83166504	     13.54533958	      0.00000000	      0.00000000
   1131.04724121	   -999.00000000	    302.44421387	     12.98515892	      0.00000000	      0.00000000
   1304.20446777	   -999.00000000	    303.13766479	     12.42980289	      0.00000000	      0.00000000
   1497.08850098	   -999.00000000	    303.93539429	     11.82878780	      0.00000000	      0.00000000
   1711.94665527	   -999.00000000	    304.85125732	     11.16546917	      0.00000000	      0.00000000
   1951.28234863	   -999.00000000	    305.88842773	     10.45146847	      0.00000000	      0.00000000
   2217.88403320	   -999.00000000	    307.04641724	      9.70227146	      0.00000000	      0.00000000
   2514.85815430	   -999.00000000	    308.33319092	      8.91962814	      0.00000000	      0.00000000
   2845.66479492	   -999.00000000	    309.77288818	      8.09708309	      0.00000000	      0.00000000
   3214.15820313	   -999.00000000	    311.37838745	      7.23685551	      0.00000000	      0.00000000
   3624.63183594	   -999.00000000	    313.15728760	      6.34780788	      0.00000000	      0.00000000
   4081.86840820	   -999.00000000	    315.13711548	      5.43147898	      0.00000000	      0.00000000
   4581.86816406	   -999.00000000	    317.33151245	      4.50038719	      0.00000000	      0.00000000
   5081.86816406	   -999.00000000	    319.53982544	      3.65046215	      0.00000000	      0.00000000
   5581.86816406	   -999.00000000	    321.67321777	      2.92058039	      0.00000000	      0.00000000
   6081.86816406	   -999.00000000	    323.67211914	      2.32102346	      0.00000000	      0.00000000
   6581.86816406	   -999.00000000	    325.53436279	      1.82989335	      0.00000000	      0.00000000
   7081.86816406	   -999.00000000	    327.26895142	      1.42260897	      0.00000000	      0.00000000
   7581.86816406	   -999.00000000	    328.87631226	      1.08525598	      0.00000000	      0.00000000
   8081.86816406	   -999.00000000	    330.34985352	      0.80797499	      0.00000000	      0.00000000
   8581.86816406	   -999.00000000	    331.69717407	      0.58146912	      0.00000000	      0.00000000
   9081.86816406	   -999.00000000	    332.91458130	      0.40506026	      0.00000000	      0.00000000
   9581.86816406	   -999.00000000	    333.99530029	      0.27641210	      0.00000000	      0.00000000
  10081.86816406	   -999.00000000	    334.95339966	      0.18716137	      0.00000000	      0.00000000
  10581.86816406	   -999.00000000	    335.81195068	      0.12700334	      0.00000000	      0.00000000
  11081.86816406	   -999.00000000	    336.60418701	      0.08678392	      0.00000000	      0.00000000
  11581.86816406	   -999.00000000	    337.38592529	      0.05897475	      0.00000000	      0.00000000
  12081.86816406	   -999.00000000	    338.25164795	      0.03892396	      0.00000000	      0.00000000
  12581.86816406	   -999.00000000	    339.40286255	      0.02436147	      0.00000000	      0.00000000
  13081.86816406	   -999.00000000	    341.21426392	      0.01477300	      0.00000000	      0.00000000
  13581.86816406	   -999.00000000	    344.18252563	      0.00956892	      0.00000000	      0.00000000
  14081.86816406	   -999.00000000	    348.69189453	      0.00725245	      0.00000000	      0.00000000
  14581.86816406	   -999.00000000	    354.70227051	      0.00622833	      0.00000000	      0.00000000
  15081.86816406	   -999.00000000	    361.83248901	      0.00567355	      0.00000000	      0.00000000
  15581.86816406	   -999.00000000	    369.65213013	      0.00529919	      0.00000000	      0.00000000
  16081.86816406	   -999.00000000	    377.88964844	      0.00502016	      0.00000000	      0.00000000
  16581.86718750	   -999.00000000	    386.64785767	      0.00479890	      0.00000000	      0.00000000
  17081.86718750	   -999.00000000	    396.00881958	      0.00461310	      0.00000000	      0.00000000
  17581.86718750	   -999.00000000	    406.34628296	      0.00443504	      0.00000000	      0.00000000
  18081.86718750	   -999.00000000	    418.15829468	      0.00422727	      0.00000000	      0.00000000
  18581.86718750	   -999.00000000	    432.22665405	      0.00393345	      0.00000000	      0.00000000
  19081.86718750	   -999.00000000	    448.37213135	      0.00351904	      0.00000000	      0.00000000
  19581.86718750	   -999.00000000	    465.77297974	      0.00298756	      0.00000000	      0.00000000
  20081.86718750	   -999.00000000	    483.10626221	      0.00240448	      0.00000000	      0.00000000
  20590.05468750	   -999.00000000	    499.94302368	      0.00185768	      0.00000000	      0.00000000
  21149.06054688	   -999.00000000	    517.43908691	      0.00141361	      0.00000000	      0.00000000
  21763.96679688	   -999.00000000	    536.33721924	      0.00113810	      0.00000000	      0.00000000
  22440.36328125	   -999.00000000	    557.77642822	      0.00100588	      0.00000000	      0.00000000
  23184.40039063	   -999.00000000	    582.89080811	      0.00095898	      0.00000000	      0.00000000
  24002.83984375	   -999.00000000	    612.22253418	      0.00091335	      0.00000000	      0.00000000
  24903.12304688	   -999.00000000	    643.89782715	      0.00086365	      0.00000000	      0.00000000
  25893.43554688	   -999.00000000	    670.89355469	      0.00083687	      0.00000000	      0.00000000
  26982.77929688	   -999.00000000	    686.44793701	      0.00083377	      0.00000000	      0.00000000
