      z[m]      p[mb]      tp[K]    q[g/kg]     u[m/s]     v[m/s]
      0.00,         64,    1005.50
     25.00000000	   -999.00000000	    300.46026611	     18.54536057	      0.00000000	      0.00000000
     75.00000000	   -999.00000000	    300.39514160	     18.18013954	      0.00000000	      0.00000000
    127.84809875	   -999.00000000	    300.39517212	     18.07362366	      0.00000000	      0.00000000
    186.71687317	   -999.00000000	    300.40686035	     17.92525482	      0.00000000	      0.00000000
    252.29220581	   -999.00000000	    300.43359375	     17.71986771	      0.00000000	      0.00000000
    325.33816528	   -999.00000000	    300.47982788	     17.43173409	      0.00000000	      0.00000000
    406.70581055	   -999.00000000	    300.56045532	     17.04356194	      0.00000000	      0.00000000
    497.34317017	   -999.00000000	    300.70584106	     16.51475334	      0.00000000	      0.00000000
    598.30627441	   -999.00000000	    300.95980835	     15.80569839	      0.00000000	      0.00000000
    710.77154541	   -999.00000000	    301.35684204	     14.94082069	      0.00000000	      0.00000000
    836.04931641	   -999.00000000	    301.88580322	     14.05505562	      0.00000000	      0.00000000
    975.59924316	   -999.00000000	    302.50341797	     13.27060795	      0.00000000	      0.00000000
   1131.04724121	   -999.00000000	    303.18515015	     12.58692646	      0.00000000	      0.00000000
   1304.20446777	   -999.00000000	    303.93917847	     11.95655346	      0.00000000	      0.00000000
   1497.08850098	   -999.00000000	    304.78533936	     11.34148884	      0.00000000	      0.00000000
   1711.94665527	   -999.00000000	    305.73498535	     10.70728207	      0.00000000	      0.00000000
   1951.28234863	   -999.00000000	    306.79302979	     10.02435112	      0.00000000	      0.00000000
   2217.88403320	   -999.00000000	    307.95904541	      9.27847290	      0.00000000	      0.00000000
   2514.85815430	   -999.00000000	    309.22265625	      8.47999668	      0.00000000	      0.00000000
   2845.66479492	   -999.00000000	    310.56668091	      7.66797829	      0.00000000	      0.00000000
   3214.15820313	   -999.00000000	    311.99246216	      6.88131094	      0.00000000	      0.00000000
   3624.63183594	   -999.00000000	    313.53738403	      6.13482523	      0.00000000	      0.00000000
   4081.86840820	   -999.00000000	    315.29232788	      5.40601921	      0.00000000	      0.00000000
   4581.86816406	   -999.00000000	    317.32073975	      4.66866922	      0.00000000	      0.00000000
   5081.86816406	   -999.00000000	    319.42535400	      3.96783900	      0.00000000	      0.00000000
   5581.86816406	   -999.00000000	    321.55261230	      3.30918193	      0.00000000	      0.00000000
   6081.86816406	   -999.00000000	    323.67001343	      2.70291567	      0.00000000	      0.00000000
   6581.86816406	   -999.00000000	    325.74865723	      2.15545702	      0.00000000	      0.00000000
   7081.86816406	   -999.00000000	    327.74987793	      1.66961277	      0.00000000	      0.00000000
   7581.86816406	   -999.00000000	    329.63397217	      1.25330865	      0.00000000	      0.00000000
   8081.86816406	   -999.00000000	    331.36953735	      0.91759664	      0.00000000	      0.00000000
   8581.86816406	   -999.00000000	    332.94647217	      0.66325730	      0.00000000	      0.00000000
   9081.86816406	   -999.00000000	    334.37609863	      0.47922093	      0.00000000	      0.00000000
   9581.86816406	   -999.00000000	    335.69284058	      0.34660229	      0.00000000	      0.00000000
  10081.86816406	   -999.00000000	    336.93957520	      0.24814954	      0.00000000	      0.00000000
  10581.86816406	   -999.00000000	    338.15136719	      0.17446643	      0.00000000	      0.00000000
  11081.86816406	   -999.00000000	    339.34402466	      0.12044466	      0.00000000	      0.00000000
  11581.86816406	   -999.00000000	    340.53320313	      0.08233811	      0.00000000	      0.00000000
  12081.86816406	   -999.00000000	    341.75445557	      0.05515555	      0.00000000	      0.00000000
  12581.86816406	   -999.00000000	    343.12670898	      0.03597695	      0.00000000	      0.00000000
  13081.86816406	   -999.00000000	    344.91613770	      0.02293705	      0.00000000	      0.00000000
  13581.86816406	   -999.00000000	    347.50634766	      0.01492870	      0.00000000	      0.00000000
  14081.86816406	   -999.00000000	    351.23303223	      0.01054236	      0.00000000	      0.00000000
  14581.86816406	   -999.00000000	    356.20092773	      0.00827384	      0.00000000	      0.00000000
  15081.86816406	   -999.00000000	    362.31201172	      0.00709251	      0.00000000	      0.00000000
  15581.86816406	   -999.00000000	    369.32546997	      0.00647900	      0.00000000	      0.00000000
  16081.86816406	   -999.00000000	    377.08129883	      0.00617360	      0.00000000	      0.00000000
  16581.86718750	   -999.00000000	    385.57635498	      0.00602777	      0.00000000	      0.00000000
  17081.86718750	   -999.00000000	    395.03540039	      0.00594062	      0.00000000	      0.00000000
  17581.86718750	   -999.00000000	    405.70462036	      0.00580745	      0.00000000	      0.00000000
  18081.86718750	   -999.00000000	    417.73391724	      0.00548456	      0.00000000	      0.00000000
  18581.86718750	   -999.00000000	    431.87454224	      0.00480692	      0.00000000	      0.00000000
  19081.86718750	   -999.00000000	    447.40249634	      0.00380813	      0.00000000	      0.00000000
  19581.86718750	   -999.00000000	    463.89746094	      0.00270967	      0.00000000	      0.00000000
  20081.86718750	   -999.00000000	    480.17483521	      0.00190752	      0.00000000	      0.00000000
  20590.05468750	   -999.00000000	    496.00167847	      0.00164071	      0.00000000	      0.00000000
  21149.06054688	   -999.00000000	    512.73522949	      0.00163752	      0.00000000	      0.00000000
  21763.96679688	   -999.00000000	    531.06152344	      0.00163700	      0.00000000	      0.00000000
  22440.36328125	   -999.00000000	    551.98999023	      0.00163122	      0.00000000	      0.00000000
  23184.40039063	   -999.00000000	    576.76623535	      0.00147232	      0.00000000	      0.00000000
  24002.83984375	   -999.00000000	    606.20263672	      0.00115352	      0.00000000	      0.00000000
  24903.12304688	   -999.00000000	    639.03271484	      0.00081546	      0.00000000	      0.00000000
  25893.43554688	   -999.00000000	    668.90112305	      0.00063543	      0.00000000	      0.00000000
  26982.77929688	   -999.00000000	    688.05572510	      0.00063139	      0.00000000	      0.00000000
  10000.00,         64,    1005.50
     25.00000000	   -999.00000000	    300.46026611	     18.54536057	      0.00000000	      0.00000000
     75.00000000	   -999.00000000	    300.39514160	     18.18013954	      0.00000000	      0.00000000
    127.84809875	   -999.00000000	    300.39517212	     18.07362366	      0.00000000	      0.00000000
    186.71687317	   -999.00000000	    300.40686035	     17.92525482	      0.00000000	      0.00000000
    252.29220581	   -999.00000000	    300.43359375	     17.71986771	      0.00000000	      0.00000000
    325.33816528	   -999.00000000	    300.47982788	     17.43173409	      0.00000000	      0.00000000
    406.70581055	   -999.00000000	    300.56045532	     17.04356194	      0.00000000	      0.00000000
    497.34317017	   -999.00000000	    300.70584106	     16.51475334	      0.00000000	      0.00000000
    598.30627441	   -999.00000000	    300.95980835	     15.80569839	      0.00000000	      0.00000000
    710.77154541	   -999.00000000	    301.35684204	     14.94082069	      0.00000000	      0.00000000
    836.04931641	   -999.00000000	    301.88580322	     14.05505562	      0.00000000	      0.00000000
    975.59924316	   -999.00000000	    302.50341797	     13.27060795	      0.00000000	      0.00000000
   1131.04724121	   -999.00000000	    303.18515015	     12.58692646	      0.00000000	      0.00000000
   1304.20446777	   -999.00000000	    303.93917847	     11.95655346	      0.00000000	      0.00000000
   1497.08850098	   -999.00000000	    304.78533936	     11.34148884	      0.00000000	      0.00000000
   1711.94665527	   -999.00000000	    305.73498535	     10.70728207	      0.00000000	      0.00000000
   1951.28234863	   -999.00000000	    306.79302979	     10.02435112	      0.00000000	      0.00000000
   2217.88403320	   -999.00000000	    307.95904541	      9.27847290	      0.00000000	      0.00000000
   2514.85815430	   -999.00000000	    309.22265625	      8.47999668	      0.00000000	      0.00000000
   2845.66479492	   -999.00000000	    310.56668091	      7.66797829	      0.00000000	      0.00000000
   3214.15820313	   -999.00000000	    311.99246216	      6.88131094	      0.00000000	      0.00000000
   3624.63183594	   -999.00000000	    313.53738403	      6.13482523	      0.00000000	      0.00000000
   4081.86840820	   -999.00000000	    315.29232788	      5.40601921	      0.00000000	      0.00000000
   4581.86816406	   -999.00000000	    317.32073975	      4.66866922	      0.00000000	      0.00000000
   5081.86816406	   -999.00000000	    319.42535400	      3.96783900	      0.00000000	      0.00000000
   5581.86816406	   -999.00000000	    321.55261230	      3.30918193	      0.00000000	      0.00000000
   6081.86816406	   -999.00000000	    323.67001343	      2.70291567	      0.00000000	      0.00000000
   6581.86816406	   -999.00000000	    325.74865723	      2.15545702	      0.00000000	      0.00000000
   7081.86816406	   -999.00000000	    327.74987793	      1.66961277	      0.00000000	      0.00000000
   7581.86816406	   -999.00000000	    329.63397217	      1.25330865	      0.00000000	      0.00000000
   8081.86816406	   -999.00000000	    331.36953735	      0.91759664	      0.00000000	      0.00000000
   8581.86816406	   -999.00000000	    332.94647217	      0.66325730	      0.00000000	      0.00000000
   9081.86816406	   -999.00000000	    334.37609863	      0.47922093	      0.00000000	      0.00000000
   9581.86816406	   -999.00000000	    335.69284058	      0.34660229	      0.00000000	      0.00000000
  10081.86816406	   -999.00000000	    336.93957520	      0.24814954	      0.00000000	      0.00000000
  10581.86816406	   -999.00000000	    338.15136719	      0.17446643	      0.00000000	      0.00000000
  11081.86816406	   -999.00000000	    339.34402466	      0.12044466	      0.00000000	      0.00000000
  11581.86816406	   -999.00000000	    340.53320313	      0.08233811	      0.00000000	      0.00000000
  12081.86816406	   -999.00000000	    341.75445557	      0.05515555	      0.00000000	      0.00000000
  12581.86816406	   -999.00000000	    343.12670898	      0.03597695	      0.00000000	      0.00000000
  13081.86816406	   -999.00000000	    344.91613770	      0.02293705	      0.00000000	      0.00000000
  13581.86816406	   -999.00000000	    347.50634766	      0.01492870	      0.00000000	      0.00000000
  14081.86816406	   -999.00000000	    351.23303223	      0.01054236	      0.00000000	      0.00000000
  14581.86816406	   -999.00000000	    356.20092773	      0.00827384	      0.00000000	      0.00000000
  15081.86816406	   -999.00000000	    362.31201172	      0.00709251	      0.00000000	      0.00000000
  15581.86816406	   -999.00000000	    369.32546997	      0.00647900	      0.00000000	      0.00000000
  16081.86816406	   -999.00000000	    377.08129883	      0.00617360	      0.00000000	      0.00000000
  16581.86718750	   -999.00000000	    385.57635498	      0.00602777	      0.00000000	      0.00000000
  17081.86718750	   -999.00000000	    395.03540039	      0.00594062	      0.00000000	      0.00000000
  17581.86718750	   -999.00000000	    405.70462036	      0.00580745	      0.00000000	      0.00000000
  18081.86718750	   -999.00000000	    417.73391724	      0.00548456	      0.00000000	      0.00000000
  18581.86718750	   -999.00000000	    431.87454224	      0.00480692	      0.00000000	      0.00000000
  19081.86718750	   -999.00000000	    447.40249634	      0.00380813	      0.00000000	      0.00000000
  19581.86718750	   -999.00000000	    463.89746094	      0.00270967	      0.00000000	      0.00000000
  20081.86718750	   -999.00000000	    480.17483521	      0.00190752	      0.00000000	      0.00000000
  20590.05468750	   -999.00000000	    496.00167847	      0.00164071	      0.00000000	      0.00000000
  21149.06054688	   -999.00000000	    512.73522949	      0.00163752	      0.00000000	      0.00000000
  21763.96679688	   -999.00000000	    531.06152344	      0.00163700	      0.00000000	      0.00000000
  22440.36328125	   -999.00000000	    551.98999023	      0.00163122	      0.00000000	      0.00000000
  23184.40039063	   -999.00000000	    576.76623535	      0.00147232	      0.00000000	      0.00000000
  24002.83984375	   -999.00000000	    606.20263672	      0.00115352	      0.00000000	      0.00000000
  24903.12304688	   -999.00000000	    639.03271484	      0.00081546	      0.00000000	      0.00000000
  25893.43554688	   -999.00000000	    668.90112305	      0.00063543	      0.00000000	      0.00000000
  26982.77929688	   -999.00000000	    688.05572510	      0.00063139	      0.00000000	      0.00000000
