  z[m] p[mb] tpls[K/s] qls[kg/kg/s] uls_hor vls_hor wls[m/s]
      0.00,         37,    1005.50
   -999.00000000,             1000,   0.00000000e+00,   0.00000000e+00,       0.00000000,       0.03100202,      -0.00005087
   -999.00000000,              975,   0.00000000e+00,   0.00000000e+00,       0.00000000,       0.10485914,      -0.00018708
   -999.00000000,              950,   0.00000000e+00,   0.00000000e+00,       0.00000000,       0.18012792,      -0.00032721
   -999.00000000,              925,   0.00000000e+00,   0.00000000e+00,       0.00000000,       0.25698289,      -0.00045181
   -999.00000000,              900,   0.00000000e+00,   0.00000000e+00,       0.00000000,       0.33559935,      -0.00053664
   -999.00000000,              875,   0.00000000e+00,   0.00000000e+00,       0.00000000,       0.41613653,      -0.00058487
   -999.00000000,              850,   0.00000000e+00,   0.00000000e+00,       0.00000000,       0.49875504,      -0.00061568
   -999.00000000,              825,   0.00000000e+00,   0.00000000e+00,       0.00000000,       0.58356772,      -0.00064484
   -999.00000000,              800,   0.00000000e+00,   0.00000000e+00,       0.00000000,       0.67063222,      -0.00068055
   -999.00000000,              775,   0.00000000e+00,   0.00000000e+00,       0.00000000,       0.76005724,      -0.00072814
   -999.00000000,              750,   0.00000000e+00,   0.00000000e+00,       0.00000000,       0.85197349,      -0.00079513
   -999.00000000,              700,   0.00000000e+00,   0.00000000e+00,       0.00000000,       1.04383679,      -0.00099613
   -999.00000000,              650,   0.00000000e+00,   0.00000000e+00,       0.00000000,       1.24749627,      -0.00124049
   -999.00000000,              600,   0.00000000e+00,   0.00000000e+00,       0.00000000,       1.46463408,      -0.00147726
   -999.00000000,              550,   0.00000000e+00,   0.00000000e+00,       0.00000000,       1.69747883,      -0.00168761
   -999.00000000,              500,   0.00000000e+00,   0.00000000e+00,       0.00000000,       1.94884153,      -0.00185066
   -999.00000000,              450,   0.00000000e+00,   0.00000000e+00,       0.00000000,       2.22205140,      -0.00205788
   -999.00000000,              400,   0.00000000e+00,   0.00000000e+00,       0.00000000,       2.52125300,      -0.00232886
   -999.00000000,              350,   0.00000000e+00,   0.00000000e+00,       0.00000000,       2.85193181,      -0.00265832
   -999.00000000,              300,   0.00000000e+00,   0.00000000e+00,       0.00000000,       3.22180639,      -0.00292082
   -999.00000000,              250,   0.00000000e+00,   0.00000000e+00,       0.00000000,       3.64265186,      -0.00299225
   -999.00000000,              225,   0.00000000e+00,   0.00000000e+00,       0.00000000,       3.87767085,      -0.00284855
   -999.00000000,              200,   0.00000000e+00,   0.00000000e+00,       0.00000000,       4.13347562,      -0.00245774
   -999.00000000,              175,   0.00000000e+00,   0.00000000e+00,       0.00000000,       4.41484561,      -0.00176314
   -999.00000000,              150,   0.00000000e+00,   0.00000000e+00,       0.00000000,       4.72889499,      -0.00089111
   -999.00000000,              125,   0.00000000e+00,   0.00000000e+00,       0.00000000,       5.00000000,      -0.00024830
   -999.00000000,              100,   0.00000000e+00,   0.00000000e+00,       0.00000000,       5.00000000,      -0.00013147
   -999.00000000,               70,   0.00000000e+00,   0.00000000e+00,       0.00000000,       5.00000000,      -0.00002602
   -999.00000000,               50,   0.00000000e+00,   0.00000000e+00,       0.00000000,       5.00000000,       0.00018513
   -999.00000000,               30,   0.00000000e+00,   0.00000000e+00,       0.00000000,       5.00000000,       0.00033174
   -999.00000000,               20,   0.00000000e+00,   0.00000000e+00,       0.00000000,       5.00000000,       0.00036470
   -999.00000000,               10,   0.00000000e+00,   0.00000000e+00,       0.00000000,       5.00000000,       0.00042154
   -999.00000000,                7,   0.00000000e+00,   0.00000000e+00,       0.00000000,       0.00000000,       0.00000000
   -999.00000000,                5,   0.00000000e+00,   0.00000000e+00,       0.00000000,       0.00000000,       0.00000000
   -999.00000000,                3,   0.00000000e+00,   0.00000000e+00,       0.00000000,       0.00000000,       0.00000000
   -999.00000000,                2,   0.00000000e+00,   0.00000000e+00,       0.00000000,       0.00000000,       0.00000000
   -999.00000000,                1,   0.00000000e+00,   0.00000000e+00,       0.00000000,       0.00000000,       0.00000000
  10000.00,         37,    1005.50
   -999.00000000,             1000,   0.00000000e+00,   0.00000000e+00,       0.00000000,       0.03100202,      -0.00005087
   -999.00000000,              975,   0.00000000e+00,   0.00000000e+00,       0.00000000,       0.10485914,      -0.00018708
   -999.00000000,              950,   0.00000000e+00,   0.00000000e+00,       0.00000000,       0.18012792,      -0.00032721
   -999.00000000,              925,   0.00000000e+00,   0.00000000e+00,       0.00000000,       0.25698289,      -0.00045181
   -999.00000000,              900,   0.00000000e+00,   0.00000000e+00,       0.00000000,       0.33559935,      -0.00053664
   -999.00000000,              875,   0.00000000e+00,   0.00000000e+00,       0.00000000,       0.41613653,      -0.00058487
   -999.00000000,              850,   0.00000000e+00,   0.00000000e+00,       0.00000000,       0.49875504,      -0.00061568
   -999.00000000,              825,   0.00000000e+00,   0.00000000e+00,       0.00000000,       0.58356772,      -0.00064484
   -999.00000000,              800,   0.00000000e+00,   0.00000000e+00,       0.00000000,       0.67063222,      -0.00068055
   -999.00000000,              775,   0.00000000e+00,   0.00000000e+00,       0.00000000,       0.76005724,      -0.00072814
   -999.00000000,              750,   0.00000000e+00,   0.00000000e+00,       0.00000000,       0.85197349,      -0.00079513
   -999.00000000,              700,   0.00000000e+00,   0.00000000e+00,       0.00000000,       1.04383679,      -0.00099613
   -999.00000000,              650,   0.00000000e+00,   0.00000000e+00,       0.00000000,       1.24749627,      -0.00124049
   -999.00000000,              600,   0.00000000e+00,   0.00000000e+00,       0.00000000,       1.46463408,      -0.00147726
   -999.00000000,              550,   0.00000000e+00,   0.00000000e+00,       0.00000000,       1.69747883,      -0.00168761
   -999.00000000,              500,   0.00000000e+00,   0.00000000e+00,       0.00000000,       1.94884153,      -0.00185066
   -999.00000000,              450,   0.00000000e+00,   0.00000000e+00,       0.00000000,       2.22205140,      -0.00205788
   -999.00000000,              400,   0.00000000e+00,   0.00000000e+00,       0.00000000,       2.52125300,      -0.00232886
   -999.00000000,              350,   0.00000000e+00,   0.00000000e+00,       0.00000000,       2.85193181,      -0.00265832
   -999.00000000,              300,   0.00000000e+00,   0.00000000e+00,       0.00000000,       3.22180639,      -0.00292082
   -999.00000000,              250,   0.00000000e+00,   0.00000000e+00,       0.00000000,       3.64265186,      -0.00299225
   -999.00000000,              225,   0.00000000e+00,   0.00000000e+00,       0.00000000,       3.87767085,      -0.00284855
   -999.00000000,              200,   0.00000000e+00,   0.00000000e+00,       0.00000000,       4.13347562,      -0.00245774
   -999.00000000,              175,   0.00000000e+00,   0.00000000e+00,       0.00000000,       4.41484561,      -0.00176314
   -999.00000000,              150,   0.00000000e+00,   0.00000000e+00,       0.00000000,       4.72889499,      -0.00089111
   -999.00000000,              125,   0.00000000e+00,   0.00000000e+00,       0.00000000,       5.00000000,      -0.00024830
   -999.00000000,              100,   0.00000000e+00,   0.00000000e+00,       0.00000000,       5.00000000,      -0.00013147
   -999.00000000,               70,   0.00000000e+00,   0.00000000e+00,       0.00000000,       5.00000000,      -0.00002602
   -999.00000000,               50,   0.00000000e+00,   0.00000000e+00,       0.00000000,       5.00000000,       0.00018513
   -999.00000000,               30,   0.00000000e+00,   0.00000000e+00,       0.00000000,       5.00000000,       0.00033174
   -999.00000000,               20,   0.00000000e+00,   0.00000000e+00,       0.00000000,       5.00000000,       0.00036470
   -999.00000000,               10,   0.00000000e+00,   0.00000000e+00,       0.00000000,       5.00000000,       0.00042154
   -999.00000000,                7,   0.00000000e+00,   0.00000000e+00,       0.00000000,       0.00000000,       0.00000000
   -999.00000000,                5,   0.00000000e+00,   0.00000000e+00,       0.00000000,       0.00000000,       0.00000000
   -999.00000000,                3,   0.00000000e+00,   0.00000000e+00,       0.00000000,       0.00000000,       0.00000000
   -999.00000000,                2,   0.00000000e+00,   0.00000000e+00,       0.00000000,       0.00000000,       0.00000000
   -999.00000000,                1,   0.00000000e+00,   0.00000000e+00,       0.00000000,       0.00000000,       0.00000000
