  z[m] p[mb] tpls[K/s] qls[kg/kg/s] uls_hor vls_hor wls[m/s]
      0.00,         37,    1005.50
   -999.00000000,             1000,   0.00000000e+00,   0.00000000e+00,       0.03228847,       0.00000000,       0.00012493
   -999.00000000,              975,   0.00000000e+00,   0.00000000e+00,       0.10552458,       0.00000000,       0.00023544
   -999.00000000,              950,   0.00000000e+00,   0.00000000e+00,       0.18016820,       0.00000000,       0.00035697
   -999.00000000,              925,   0.00000000e+00,   0.00000000e+00,       0.25639681,       0.00000000,       0.00048369
   -999.00000000,              900,   0.00000000e+00,   0.00000000e+00,       0.33436048,       0.00000000,       0.00059219
   -999.00000000,              875,   0.00000000e+00,   0.00000000e+00,       0.41419937,       0.00000000,       0.00067997
   -999.00000000,              850,   0.00000000e+00,   0.00000000e+00,       0.49604936,       0.00000000,       0.00075128
   -999.00000000,              825,   0.00000000e+00,   0.00000000e+00,       0.58002269,       0.00000000,       0.00081236
   -999.00000000,              800,   0.00000000e+00,   0.00000000e+00,       0.66620373,       0.00000000,       0.00086762
   -999.00000000,              775,   0.00000000e+00,   0.00000000e+00,       0.75470223,       0.00000000,       0.00091764
   -999.00000000,              750,   0.00000000e+00,   0.00000000e+00,       0.84564056,       0.00000000,       0.00096391
   -999.00000000,              700,   0.00000000e+00,   0.00000000e+00,       1.03542867,       0.00000000,       0.00104054
   -999.00000000,              650,   0.00000000e+00,   0.00000000e+00,       1.23684186,       0.00000000,       0.00110266
   -999.00000000,              600,   0.00000000e+00,   0.00000000e+00,       1.45150646,       0.00000000,       0.00117279
   -999.00000000,              550,   0.00000000e+00,   0.00000000e+00,       1.68171211,       0.00000000,       0.00126657
   -999.00000000,              500,   0.00000000e+00,   0.00000000e+00,       1.93022032,       0.00000000,       0.00134269
   -999.00000000,              450,   0.00000000e+00,   0.00000000e+00,       2.20027985,       0.00000000,       0.00142131
   -999.00000000,              400,   0.00000000e+00,   0.00000000e+00,       2.49606372,       0.00000000,       0.00153186
   -999.00000000,              350,   0.00000000e+00,   0.00000000e+00,       2.82309456,       0.00000000,       0.00166818
   -999.00000000,              300,   0.00000000e+00,   0.00000000e+00,       3.18907868,       0.00000000,       0.00183803
   -999.00000000,              250,   0.00000000e+00,   0.00000000e+00,       3.60559225,       0.00000000,       0.00185444
   -999.00000000,              225,   0.00000000e+00,   0.00000000e+00,       3.83814695,       0.00000000,       0.00168679
   -999.00000000,              200,   0.00000000e+00,   0.00000000e+00,       4.09118152,       0.00000000,       0.00137087
   -999.00000000,              175,   0.00000000e+00,   0.00000000e+00,       4.36940632,       0.00000000,       0.00097498
   -999.00000000,              150,   0.00000000e+00,   0.00000000e+00,       4.67993568,       0.00000000,       0.00060320
   -999.00000000,              125,   0.00000000e+00,   0.00000000e+00,       5.00000000,       0.00000000,       0.00035869
   -999.00000000,              100,   0.00000000e+00,   0.00000000e+00,       5.00000000,       0.00000000,       0.00020479
   -999.00000000,               70,   0.00000000e+00,   0.00000000e+00,       5.00000000,       0.00000000,       0.00013311
   -999.00000000,               50,   0.00000000e+00,   0.00000000e+00,       5.00000000,       0.00000000,       0.00019747
   -999.00000000,               30,   0.00000000e+00,   0.00000000e+00,       5.00000000,       0.00000000,       0.00028516
   -999.00000000,               20,   0.00000000e+00,   0.00000000e+00,       5.00000000,       0.00000000,       0.00031317
   -999.00000000,               10,   0.00000000e+00,   0.00000000e+00,       5.00000000,       0.00000000,       0.00038009
   -999.00000000,                7,   0.00000000e+00,   0.00000000e+00,       0.00000000,       0.00000000,       0.00000000
   -999.00000000,                5,   0.00000000e+00,   0.00000000e+00,       0.00000000,       0.00000000,       0.00000000
   -999.00000000,                3,   0.00000000e+00,   0.00000000e+00,       0.00000000,       0.00000000,       0.00000000
   -999.00000000,                2,   0.00000000e+00,   0.00000000e+00,       0.00000000,       0.00000000,       0.00000000
   -999.00000000,                1,   0.00000000e+00,   0.00000000e+00,       0.00000000,       0.00000000,       0.00000000
  10000.00,         37,    1005.50
   -999.00000000,             1000,   0.00000000e+00,   0.00000000e+00,       0.03228847,       0.00000000,       0.00012493
   -999.00000000,              975,   0.00000000e+00,   0.00000000e+00,       0.10552458,       0.00000000,       0.00023544
   -999.00000000,              950,   0.00000000e+00,   0.00000000e+00,       0.18016820,       0.00000000,       0.00035697
   -999.00000000,              925,   0.00000000e+00,   0.00000000e+00,       0.25639681,       0.00000000,       0.00048369
   -999.00000000,              900,   0.00000000e+00,   0.00000000e+00,       0.33436048,       0.00000000,       0.00059219
   -999.00000000,              875,   0.00000000e+00,   0.00000000e+00,       0.41419937,       0.00000000,       0.00067997
   -999.00000000,              850,   0.00000000e+00,   0.00000000e+00,       0.49604936,       0.00000000,       0.00075128
   -999.00000000,              825,   0.00000000e+00,   0.00000000e+00,       0.58002269,       0.00000000,       0.00081236
   -999.00000000,              800,   0.00000000e+00,   0.00000000e+00,       0.66620373,       0.00000000,       0.00086762
   -999.00000000,              775,   0.00000000e+00,   0.00000000e+00,       0.75470223,       0.00000000,       0.00091764
   -999.00000000,              750,   0.00000000e+00,   0.00000000e+00,       0.84564056,       0.00000000,       0.00096391
   -999.00000000,              700,   0.00000000e+00,   0.00000000e+00,       1.03542867,       0.00000000,       0.00104054
   -999.00000000,              650,   0.00000000e+00,   0.00000000e+00,       1.23684186,       0.00000000,       0.00110266
   -999.00000000,              600,   0.00000000e+00,   0.00000000e+00,       1.45150646,       0.00000000,       0.00117279
   -999.00000000,              550,   0.00000000e+00,   0.00000000e+00,       1.68171211,       0.00000000,       0.00126657
   -999.00000000,              500,   0.00000000e+00,   0.00000000e+00,       1.93022032,       0.00000000,       0.00134269
   -999.00000000,              450,   0.00000000e+00,   0.00000000e+00,       2.20027985,       0.00000000,       0.00142131
   -999.00000000,              400,   0.00000000e+00,   0.00000000e+00,       2.49606372,       0.00000000,       0.00153186
   -999.00000000,              350,   0.00000000e+00,   0.00000000e+00,       2.82309456,       0.00000000,       0.00166818
   -999.00000000,              300,   0.00000000e+00,   0.00000000e+00,       3.18907868,       0.00000000,       0.00183803
   -999.00000000,              250,   0.00000000e+00,   0.00000000e+00,       3.60559225,       0.00000000,       0.00185444
   -999.00000000,              225,   0.00000000e+00,   0.00000000e+00,       3.83814695,       0.00000000,       0.00168679
   -999.00000000,              200,   0.00000000e+00,   0.00000000e+00,       4.09118152,       0.00000000,       0.00137087
   -999.00000000,              175,   0.00000000e+00,   0.00000000e+00,       4.36940632,       0.00000000,       0.00097498
   -999.00000000,              150,   0.00000000e+00,   0.00000000e+00,       4.67993568,       0.00000000,       0.00060320
   -999.00000000,              125,   0.00000000e+00,   0.00000000e+00,       5.00000000,       0.00000000,       0.00035869
   -999.00000000,              100,   0.00000000e+00,   0.00000000e+00,       5.00000000,       0.00000000,       0.00020479
   -999.00000000,               70,   0.00000000e+00,   0.00000000e+00,       5.00000000,       0.00000000,       0.00013311
   -999.00000000,               50,   0.00000000e+00,   0.00000000e+00,       5.00000000,       0.00000000,       0.00019747
   -999.00000000,               30,   0.00000000e+00,   0.00000000e+00,       5.00000000,       0.00000000,       0.00028516
   -999.00000000,               20,   0.00000000e+00,   0.00000000e+00,       5.00000000,       0.00000000,       0.00031317
   -999.00000000,               10,   0.00000000e+00,   0.00000000e+00,       5.00000000,       0.00000000,       0.00038009
   -999.00000000,                7,   0.00000000e+00,   0.00000000e+00,       0.00000000,       0.00000000,       0.00000000
   -999.00000000,                5,   0.00000000e+00,   0.00000000e+00,       0.00000000,       0.00000000,       0.00000000
   -999.00000000,                3,   0.00000000e+00,   0.00000000e+00,       0.00000000,       0.00000000,       0.00000000
   -999.00000000,                2,   0.00000000e+00,   0.00000000e+00,       0.00000000,       0.00000000,       0.00000000
   -999.00000000,                1,   0.00000000e+00,   0.00000000e+00,       0.00000000,       0.00000000,       0.00000000
