  z[m] p[mb] tpls[K/s] qls[kg/kg/s] uls_hor vls_hor wls[m/s]
      0.00,         37,    1005.50
   -999.00000000,             1000,   0.00000000e+00,   0.00000000e+00,       0.00000000,       0.00000000,       0.00018230
   -999.00000000,              975,   0.00000000e+00,   0.00000000e+00,       0.00000000,       0.00000000,       0.00038302
   -999.00000000,              950,   0.00000000e+00,   0.00000000e+00,       0.00000000,       0.00000000,       0.00062570
   -999.00000000,              925,   0.00000000e+00,   0.00000000e+00,       0.00000000,       0.00000000,       0.00091479
   -999.00000000,              900,   0.00000000e+00,   0.00000000e+00,       0.00000000,       0.00000000,       0.00119827
   -999.00000000,              875,   0.00000000e+00,   0.00000000e+00,       0.00000000,       0.00000000,       0.00146389
   -999.00000000,              850,   0.00000000e+00,   0.00000000e+00,       0.00000000,       0.00000000,       0.00171473
   -999.00000000,              825,   0.00000000e+00,   0.00000000e+00,       0.00000000,       0.00000000,       0.00195481
   -999.00000000,              800,   0.00000000e+00,   0.00000000e+00,       0.00000000,       0.00000000,       0.00218658
   -999.00000000,              775,   0.00000000e+00,   0.00000000e+00,       0.00000000,       0.00000000,       0.00240871
   -999.00000000,              750,   0.00000000e+00,   0.00000000e+00,       0.00000000,       0.00000000,       0.00262489
   -999.00000000,              700,   0.00000000e+00,   0.00000000e+00,       0.00000000,       0.00000000,       0.00303589
   -999.00000000,              650,   0.00000000e+00,   0.00000000e+00,       0.00000000,       0.00000000,       0.00342420
   -999.00000000,              600,   0.00000000e+00,   0.00000000e+00,       0.00000000,       0.00000000,       0.00384021
   -999.00000000,              550,   0.00000000e+00,   0.00000000e+00,       0.00000000,       0.00000000,       0.00433944
   -999.00000000,              500,   0.00000000e+00,   0.00000000e+00,       0.00000000,       0.00000000,       0.00481220
   -999.00000000,              450,   0.00000000e+00,   0.00000000e+00,       0.00000000,       0.00000000,       0.00527067
   -999.00000000,              400,   0.00000000e+00,   0.00000000e+00,       0.00000000,       0.00000000,       0.00573348
   -999.00000000,              350,   0.00000000e+00,   0.00000000e+00,       0.00000000,       0.00000000,       0.00615612
   -999.00000000,              300,   0.00000000e+00,   0.00000000e+00,       0.00000000,       0.00000000,       0.00648400
   -999.00000000,              250,   0.00000000e+00,   0.00000000e+00,       0.00000000,       0.00000000,       0.00641040
   -999.00000000,              225,   0.00000000e+00,   0.00000000e+00,       0.00000000,       0.00000000,       0.00602069
   -999.00000000,              200,   0.00000000e+00,   0.00000000e+00,       0.00000000,       0.00000000,       0.00528564
   -999.00000000,              175,   0.00000000e+00,   0.00000000e+00,       0.00000000,       0.00000000,       0.00420926
   -999.00000000,              150,   0.00000000e+00,   0.00000000e+00,       0.00000000,       0.00000000,       0.00285197
   -999.00000000,              125,   0.00000000e+00,   0.00000000e+00,       0.00000000,       0.00000000,       0.00145344
   -999.00000000,              100,   0.00000000e+00,   0.00000000e+00,       0.00000000,       0.00000000,       0.00048051
   -999.00000000,               70,   0.00000000e+00,   0.00000000e+00,       0.00000000,       0.00000000,       0.00014760
   -999.00000000,               50,   0.00000000e+00,   0.00000000e+00,       0.00000000,       0.00000000,       0.00015116
   -999.00000000,               30,   0.00000000e+00,   0.00000000e+00,       0.00000000,       0.00000000,       0.00020982
   -999.00000000,               20,   0.00000000e+00,   0.00000000e+00,       0.00000000,       0.00000000,       0.00021191
   -999.00000000,               10,   0.00000000e+00,   0.00000000e+00,       0.00000000,       0.00000000,       0.00034437
   -999.00000000,                7,   0.00000000e+00,   0.00000000e+00,       0.00000000,       0.00000000,       0.00000000
   -999.00000000,                5,   0.00000000e+00,   0.00000000e+00,       0.00000000,       0.00000000,       0.00000000
   -999.00000000,                3,   0.00000000e+00,   0.00000000e+00,       0.00000000,       0.00000000,       0.00000000
   -999.00000000,                2,   0.00000000e+00,   0.00000000e+00,       0.00000000,       0.00000000,       0.00000000
   -999.00000000,                1,   0.00000000e+00,   0.00000000e+00,       0.00000000,       0.00000000,       0.00000000
  10000.00,         37,    1005.50
   -999.00000000,             1000,   0.00000000e+00,   0.00000000e+00,       0.00000000,       0.00000000,       0.00018230
   -999.00000000,              975,   0.00000000e+00,   0.00000000e+00,       0.00000000,       0.00000000,       0.00038302
   -999.00000000,              950,   0.00000000e+00,   0.00000000e+00,       0.00000000,       0.00000000,       0.00062570
   -999.00000000,              925,   0.00000000e+00,   0.00000000e+00,       0.00000000,       0.00000000,       0.00091479
   -999.00000000,              900,   0.00000000e+00,   0.00000000e+00,       0.00000000,       0.00000000,       0.00119827
   -999.00000000,              875,   0.00000000e+00,   0.00000000e+00,       0.00000000,       0.00000000,       0.00146389
   -999.00000000,              850,   0.00000000e+00,   0.00000000e+00,       0.00000000,       0.00000000,       0.00171473
   -999.00000000,              825,   0.00000000e+00,   0.00000000e+00,       0.00000000,       0.00000000,       0.00195481
   -999.00000000,              800,   0.00000000e+00,   0.00000000e+00,       0.00000000,       0.00000000,       0.00218658
   -999.00000000,              775,   0.00000000e+00,   0.00000000e+00,       0.00000000,       0.00000000,       0.00240871
   -999.00000000,              750,   0.00000000e+00,   0.00000000e+00,       0.00000000,       0.00000000,       0.00262489
   -999.00000000,              700,   0.00000000e+00,   0.00000000e+00,       0.00000000,       0.00000000,       0.00303589
   -999.00000000,              650,   0.00000000e+00,   0.00000000e+00,       0.00000000,       0.00000000,       0.00342420
   -999.00000000,              600,   0.00000000e+00,   0.00000000e+00,       0.00000000,       0.00000000,       0.00384021
   -999.00000000,              550,   0.00000000e+00,   0.00000000e+00,       0.00000000,       0.00000000,       0.00433944
   -999.00000000,              500,   0.00000000e+00,   0.00000000e+00,       0.00000000,       0.00000000,       0.00481220
   -999.00000000,              450,   0.00000000e+00,   0.00000000e+00,       0.00000000,       0.00000000,       0.00527067
   -999.00000000,              400,   0.00000000e+00,   0.00000000e+00,       0.00000000,       0.00000000,       0.00573348
   -999.00000000,              350,   0.00000000e+00,   0.00000000e+00,       0.00000000,       0.00000000,       0.00615612
   -999.00000000,              300,   0.00000000e+00,   0.00000000e+00,       0.00000000,       0.00000000,       0.00648400
   -999.00000000,              250,   0.00000000e+00,   0.00000000e+00,       0.00000000,       0.00000000,       0.00641040
   -999.00000000,              225,   0.00000000e+00,   0.00000000e+00,       0.00000000,       0.00000000,       0.00602069
   -999.00000000,              200,   0.00000000e+00,   0.00000000e+00,       0.00000000,       0.00000000,       0.00528564
   -999.00000000,              175,   0.00000000e+00,   0.00000000e+00,       0.00000000,       0.00000000,       0.00420926
   -999.00000000,              150,   0.00000000e+00,   0.00000000e+00,       0.00000000,       0.00000000,       0.00285197
   -999.00000000,              125,   0.00000000e+00,   0.00000000e+00,       0.00000000,       0.00000000,       0.00145344
   -999.00000000,              100,   0.00000000e+00,   0.00000000e+00,       0.00000000,       0.00000000,       0.00048051
   -999.00000000,               70,   0.00000000e+00,   0.00000000e+00,       0.00000000,       0.00000000,       0.00014760
   -999.00000000,               50,   0.00000000e+00,   0.00000000e+00,       0.00000000,       0.00000000,       0.00015116
   -999.00000000,               30,   0.00000000e+00,   0.00000000e+00,       0.00000000,       0.00000000,       0.00020982
   -999.00000000,               20,   0.00000000e+00,   0.00000000e+00,       0.00000000,       0.00000000,       0.00021191
   -999.00000000,               10,   0.00000000e+00,   0.00000000e+00,       0.00000000,       0.00000000,       0.00034437
   -999.00000000,                7,   0.00000000e+00,   0.00000000e+00,       0.00000000,       0.00000000,       0.00000000
   -999.00000000,                5,   0.00000000e+00,   0.00000000e+00,       0.00000000,       0.00000000,       0.00000000
   -999.00000000,                3,   0.00000000e+00,   0.00000000e+00,       0.00000000,       0.00000000,       0.00000000
   -999.00000000,                2,   0.00000000e+00,   0.00000000e+00,       0.00000000,       0.00000000,       0.00000000
   -999.00000000,                1,   0.00000000e+00,   0.00000000e+00,       0.00000000,       0.00000000,       0.00000000
