  z[m] p[mb] tpls[K/s] qls[kg/kg/s] uls_hor vls_hor wls[m/s]
      0.00,         37,    1005.50
   -999.00000000,             1000,   0.00000000e+00,   0.00000000e+00,       0.00000000,       0.00000000,       0.00021258
   -999.00000000,              975,   0.00000000e+00,   0.00000000e+00,       0.00000000,       0.00000000,       0.00047900
   -999.00000000,              950,   0.00000000e+00,   0.00000000e+00,       0.00000000,       0.00000000,       0.00080648
   -999.00000000,              925,   0.00000000e+00,   0.00000000e+00,       0.00000000,       0.00000000,       0.00118985
   -999.00000000,              900,   0.00000000e+00,   0.00000000e+00,       0.00000000,       0.00000000,       0.00156149
   -999.00000000,              875,   0.00000000e+00,   0.00000000e+00,       0.00000000,       0.00000000,       0.00190865
   -999.00000000,              850,   0.00000000e+00,   0.00000000e+00,       0.00000000,       0.00000000,       0.00223743
   -999.00000000,              825,   0.00000000e+00,   0.00000000e+00,       0.00000000,       0.00000000,       0.00255410
   -999.00000000,              800,   0.00000000e+00,   0.00000000e+00,       0.00000000,       0.00000000,       0.00286143
   -999.00000000,              775,   0.00000000e+00,   0.00000000e+00,       0.00000000,       0.00000000,       0.00315732
   -999.00000000,              750,   0.00000000e+00,   0.00000000e+00,       0.00000000,       0.00000000,       0.00344421
   -999.00000000,              700,   0.00000000e+00,   0.00000000e+00,       0.00000000,       0.00000000,       0.00397241
   -999.00000000,              650,   0.00000000e+00,   0.00000000e+00,       0.00000000,       0.00000000,       0.00443424
   -999.00000000,              600,   0.00000000e+00,   0.00000000e+00,       0.00000000,       0.00000000,       0.00488948
   -999.00000000,              550,   0.00000000e+00,   0.00000000e+00,       0.00000000,       0.00000000,       0.00543081
   -999.00000000,              500,   0.00000000e+00,   0.00000000e+00,       0.00000000,       0.00000000,       0.00593682
   -999.00000000,              450,   0.00000000e+00,   0.00000000e+00,       0.00000000,       0.00000000,       0.00639408
   -999.00000000,              400,   0.00000000e+00,   0.00000000e+00,       0.00000000,       0.00000000,       0.00683838
   -999.00000000,              350,   0.00000000e+00,   0.00000000e+00,       0.00000000,       0.00000000,       0.00727092
   -999.00000000,              300,   0.00000000e+00,   0.00000000e+00,       0.00000000,       0.00000000,       0.00762584
   -999.00000000,              250,   0.00000000e+00,   0.00000000e+00,       0.00000000,       0.00000000,       0.00741083
   -999.00000000,              225,   0.00000000e+00,   0.00000000e+00,       0.00000000,       0.00000000,       0.00683398
   -999.00000000,              200,   0.00000000e+00,   0.00000000e+00,       0.00000000,       0.00000000,       0.00585642
   -999.00000000,              175,   0.00000000e+00,   0.00000000e+00,       0.00000000,       0.00000000,       0.00457276
   -999.00000000,              150,   0.00000000e+00,   0.00000000e+00,       0.00000000,       0.00000000,       0.00316695
   -999.00000000,              125,   0.00000000e+00,   0.00000000e+00,       0.00000000,       0.00000000,       0.00183422
   -999.00000000,              100,   0.00000000e+00,   0.00000000e+00,       0.00000000,       0.00000000,       0.00066482
   -999.00000000,               70,   0.00000000e+00,   0.00000000e+00,       0.00000000,       0.00000000,       0.00011349
   -999.00000000,               50,   0.00000000e+00,   0.00000000e+00,       0.00000000,       0.00000000,       0.00017654
   -999.00000000,               30,   0.00000000e+00,   0.00000000e+00,       0.00000000,       0.00000000,       0.00022760
   -999.00000000,               20,   0.00000000e+00,   0.00000000e+00,       0.00000000,       0.00000000,       0.00018684
   -999.00000000,               10,   0.00000000e+00,   0.00000000e+00,       0.00000000,       0.00000000,       0.00038886
   -999.00000000,                7,   0.00000000e+00,   0.00000000e+00,       0.00000000,       0.00000000,       0.00043582
   -999.00000000,                5,   0.00000000e+00,   0.00000000e+00,       0.00000000,       0.00000000,       0.00048998
   -999.00000000,                3,   0.00000000e+00,   0.00000000e+00,       0.00000000,       0.00000000,       0.00068786
   -999.00000000,                2,   0.00000000e+00,   0.00000000e+00,       0.00000000,       0.00000000,       0.00060260
   -999.00000000,                1,   0.00000000e+00,   0.00000000e+00,       0.00000000,       0.00000000,       0.00037497
  10000.00,         37,    1005.50
   -999.00000000,             1000,   0.00000000e+00,   0.00000000e+00,       0.00000000,       0.00000000,       0.00021258
   -999.00000000,              975,   0.00000000e+00,   0.00000000e+00,       0.00000000,       0.00000000,       0.00047900
   -999.00000000,              950,   0.00000000e+00,   0.00000000e+00,       0.00000000,       0.00000000,       0.00080648
   -999.00000000,              925,   0.00000000e+00,   0.00000000e+00,       0.00000000,       0.00000000,       0.00118985
   -999.00000000,              900,   0.00000000e+00,   0.00000000e+00,       0.00000000,       0.00000000,       0.00156149
   -999.00000000,              875,   0.00000000e+00,   0.00000000e+00,       0.00000000,       0.00000000,       0.00190865
   -999.00000000,              850,   0.00000000e+00,   0.00000000e+00,       0.00000000,       0.00000000,       0.00223743
   -999.00000000,              825,   0.00000000e+00,   0.00000000e+00,       0.00000000,       0.00000000,       0.00255410
   -999.00000000,              800,   0.00000000e+00,   0.00000000e+00,       0.00000000,       0.00000000,       0.00286143
   -999.00000000,              775,   0.00000000e+00,   0.00000000e+00,       0.00000000,       0.00000000,       0.00315732
   -999.00000000,              750,   0.00000000e+00,   0.00000000e+00,       0.00000000,       0.00000000,       0.00344421
   -999.00000000,              700,   0.00000000e+00,   0.00000000e+00,       0.00000000,       0.00000000,       0.00397241
   -999.00000000,              650,   0.00000000e+00,   0.00000000e+00,       0.00000000,       0.00000000,       0.00443424
   -999.00000000,              600,   0.00000000e+00,   0.00000000e+00,       0.00000000,       0.00000000,       0.00488948
   -999.00000000,              550,   0.00000000e+00,   0.00000000e+00,       0.00000000,       0.00000000,       0.00543081
   -999.00000000,              500,   0.00000000e+00,   0.00000000e+00,       0.00000000,       0.00000000,       0.00593682
   -999.00000000,              450,   0.00000000e+00,   0.00000000e+00,       0.00000000,       0.00000000,       0.00639408
   -999.00000000,              400,   0.00000000e+00,   0.00000000e+00,       0.00000000,       0.00000000,       0.00683838
   -999.00000000,              350,   0.00000000e+00,   0.00000000e+00,       0.00000000,       0.00000000,       0.00727092
   -999.00000000,              300,   0.00000000e+00,   0.00000000e+00,       0.00000000,       0.00000000,       0.00762584
   -999.00000000,              250,   0.00000000e+00,   0.00000000e+00,       0.00000000,       0.00000000,       0.00741083
   -999.00000000,              225,   0.00000000e+00,   0.00000000e+00,       0.00000000,       0.00000000,       0.00683398
   -999.00000000,              200,   0.00000000e+00,   0.00000000e+00,       0.00000000,       0.00000000,       0.00585642
   -999.00000000,              175,   0.00000000e+00,   0.00000000e+00,       0.00000000,       0.00000000,       0.00457276
   -999.00000000,              150,   0.00000000e+00,   0.00000000e+00,       0.00000000,       0.00000000,       0.00316695
   -999.00000000,              125,   0.00000000e+00,   0.00000000e+00,       0.00000000,       0.00000000,       0.00183422
   -999.00000000,              100,   0.00000000e+00,   0.00000000e+00,       0.00000000,       0.00000000,       0.00066482
   -999.00000000,               70,   0.00000000e+00,   0.00000000e+00,       0.00000000,       0.00000000,       0.00011349
   -999.00000000,               50,   0.00000000e+00,   0.00000000e+00,       0.00000000,       0.00000000,       0.00017654
   -999.00000000,               30,   0.00000000e+00,   0.00000000e+00,       0.00000000,       0.00000000,       0.00022760
   -999.00000000,               20,   0.00000000e+00,   0.00000000e+00,       0.00000000,       0.00000000,       0.00018684
   -999.00000000,               10,   0.00000000e+00,   0.00000000e+00,       0.00000000,       0.00000000,       0.00038886
   -999.00000000,                7,   0.00000000e+00,   0.00000000e+00,       0.00000000,       0.00000000,       0.00043582
   -999.00000000,                5,   0.00000000e+00,   0.00000000e+00,       0.00000000,       0.00000000,       0.00048998
   -999.00000000,                3,   0.00000000e+00,   0.00000000e+00,       0.00000000,       0.00000000,       0.00068786
   -999.00000000,                2,   0.00000000e+00,   0.00000000e+00,       0.00000000,       0.00000000,       0.00060260
   -999.00000000,                1,   0.00000000e+00,   0.00000000e+00,       0.00000000,       0.00000000,       0.00037497
