  z[m] p[mb] tpls[K/s] qls[kg/kg/s] uls_hor vls_hor wls[m/s]
      0.00,         37,    1005.50
   -999.00000000,             1000,   0.00000000e+00,   0.00000000e+00,       0.00000000,       0.02673023,       0.00019986
   -999.00000000,              975,   0.00000000e+00,   0.00000000e+00,       0.00000000,       0.10091587,       0.00061253
   -999.00000000,              950,   0.00000000e+00,   0.00000000e+00,       0.00000000,       0.17653681,       0.00107213
   -999.00000000,              925,   0.00000000e+00,   0.00000000e+00,       0.00000000,       0.25377947,       0.00157536
   -999.00000000,              900,   0.00000000e+00,   0.00000000e+00,       0.00000000,       0.33278714,       0.00206897
   -999.00000000,              875,   0.00000000e+00,   0.00000000e+00,       0.00000000,       0.41364223,       0.00252838
   -999.00000000,              850,   0.00000000e+00,   0.00000000e+00,       0.00000000,       0.49645822,       0.00295625
   -999.00000000,              825,   0.00000000e+00,   0.00000000e+00,       0.00000000,       0.58134589,       0.00335785
   -999.00000000,              800,   0.00000000e+00,   0.00000000e+00,       0.00000000,       0.66842000,       0.00373707
   -999.00000000,              775,   0.00000000e+00,   0.00000000e+00,       0.00000000,       0.75781728,       0.00409297
   -999.00000000,              750,   0.00000000e+00,   0.00000000e+00,       0.00000000,       0.84966134,       0.00443145
   -999.00000000,              700,   0.00000000e+00,   0.00000000e+00,       0.00000000,       1.04132752,       0.00503819
   -999.00000000,              650,   0.00000000e+00,   0.00000000e+00,       0.00000000,       1.24469429,       0.00555642
   -999.00000000,              600,   0.00000000e+00,   0.00000000e+00,       0.00000000,       1.46132406,       0.00607977
   -999.00000000,              550,   0.00000000e+00,   0.00000000e+00,       0.00000000,       1.69366134,       0.00674146
   -999.00000000,              500,   0.00000000e+00,   0.00000000e+00,       0.00000000,       1.94460795,       0.00737083
   -999.00000000,              450,   0.00000000e+00,   0.00000000e+00,       0.00000000,       2.21740291,       0.00789490
   -999.00000000,              400,   0.00000000e+00,   0.00000000e+00,       0.00000000,       2.51637851,       0.00837227
   -999.00000000,              350,   0.00000000e+00,   0.00000000e+00,       0.00000000,       2.84722549,       0.00886380
   -999.00000000,              300,   0.00000000e+00,   0.00000000e+00,       0.00000000,       3.21779685,       0.00920442
   -999.00000000,              250,   0.00000000e+00,   0.00000000e+00,       0.00000000,       3.63972454,       0.00868027
   -999.00000000,              225,   0.00000000e+00,   0.00000000e+00,       0.00000000,       3.87523700,       0.00781155
   -999.00000000,              200,   0.00000000e+00,   0.00000000e+00,       0.00000000,       4.13127224,       0.00649105
   -999.00000000,              175,   0.00000000e+00,   0.00000000e+00,       0.00000000,       4.41239591,       0.00485441
   -999.00000000,              150,   0.00000000e+00,   0.00000000e+00,       0.00000000,       4.72541452,       0.00316352
   -999.00000000,              125,   0.00000000e+00,   0.00000000e+00,       0.00000000,       5.00000000,       0.00172233
   -999.00000000,              100,   0.00000000e+00,   0.00000000e+00,       0.00000000,       5.00000000,       0.00054778
   -999.00000000,               70,   0.00000000e+00,   0.00000000e+00,       0.00000000,       5.00000000,       0.00003624
   -999.00000000,               50,   0.00000000e+00,   0.00000000e+00,       0.00000000,       5.00000000,       0.00015235
   -999.00000000,               30,   0.00000000e+00,   0.00000000e+00,       0.00000000,       5.00000000,       0.00022541
   -999.00000000,               20,   0.00000000e+00,   0.00000000e+00,       0.00000000,       5.00000000,       0.00017255
   -999.00000000,               10,   0.00000000e+00,   0.00000000e+00,       0.00000000,       5.00000000,       0.00037787
   -999.00000000,                7,   0.00000000e+00,   0.00000000e+00,       0.00000000,       0.00000000,       0.00000000
   -999.00000000,                5,   0.00000000e+00,   0.00000000e+00,       0.00000000,       0.00000000,       0.00000000
   -999.00000000,                3,   0.00000000e+00,   0.00000000e+00,       0.00000000,       0.00000000,       0.00000000
   -999.00000000,                2,   0.00000000e+00,   0.00000000e+00,       0.00000000,       0.00000000,       0.00000000
   -999.00000000,                1,   0.00000000e+00,   0.00000000e+00,       0.00000000,       0.00000000,       0.00000000
  10000.00,         37,    1005.50
   -999.00000000,             1000,   0.00000000e+00,   0.00000000e+00,       0.00000000,       0.02673023,       0.00019986
   -999.00000000,              975,   0.00000000e+00,   0.00000000e+00,       0.00000000,       0.10091587,       0.00061253
   -999.00000000,              950,   0.00000000e+00,   0.00000000e+00,       0.00000000,       0.17653681,       0.00107213
   -999.00000000,              925,   0.00000000e+00,   0.00000000e+00,       0.00000000,       0.25377947,       0.00157536
   -999.00000000,              900,   0.00000000e+00,   0.00000000e+00,       0.00000000,       0.33278714,       0.00206897
   -999.00000000,              875,   0.00000000e+00,   0.00000000e+00,       0.00000000,       0.41364223,       0.00252838
   -999.00000000,              850,   0.00000000e+00,   0.00000000e+00,       0.00000000,       0.49645822,       0.00295625
   -999.00000000,              825,   0.00000000e+00,   0.00000000e+00,       0.00000000,       0.58134589,       0.00335785
   -999.00000000,              800,   0.00000000e+00,   0.00000000e+00,       0.00000000,       0.66842000,       0.00373707
   -999.00000000,              775,   0.00000000e+00,   0.00000000e+00,       0.00000000,       0.75781728,       0.00409297
   -999.00000000,              750,   0.00000000e+00,   0.00000000e+00,       0.00000000,       0.84966134,       0.00443145
   -999.00000000,              700,   0.00000000e+00,   0.00000000e+00,       0.00000000,       1.04132752,       0.00503819
   -999.00000000,              650,   0.00000000e+00,   0.00000000e+00,       0.00000000,       1.24469429,       0.00555642
   -999.00000000,              600,   0.00000000e+00,   0.00000000e+00,       0.00000000,       1.46132406,       0.00607977
   -999.00000000,              550,   0.00000000e+00,   0.00000000e+00,       0.00000000,       1.69366134,       0.00674146
   -999.00000000,              500,   0.00000000e+00,   0.00000000e+00,       0.00000000,       1.94460795,       0.00737083
   -999.00000000,              450,   0.00000000e+00,   0.00000000e+00,       0.00000000,       2.21740291,       0.00789490
   -999.00000000,              400,   0.00000000e+00,   0.00000000e+00,       0.00000000,       2.51637851,       0.00837227
   -999.00000000,              350,   0.00000000e+00,   0.00000000e+00,       0.00000000,       2.84722549,       0.00886380
   -999.00000000,              300,   0.00000000e+00,   0.00000000e+00,       0.00000000,       3.21779685,       0.00920442
   -999.00000000,              250,   0.00000000e+00,   0.00000000e+00,       0.00000000,       3.63972454,       0.00868027
   -999.00000000,              225,   0.00000000e+00,   0.00000000e+00,       0.00000000,       3.87523700,       0.00781155
   -999.00000000,              200,   0.00000000e+00,   0.00000000e+00,       0.00000000,       4.13127224,       0.00649105
   -999.00000000,              175,   0.00000000e+00,   0.00000000e+00,       0.00000000,       4.41239591,       0.00485441
   -999.00000000,              150,   0.00000000e+00,   0.00000000e+00,       0.00000000,       4.72541452,       0.00316352
   -999.00000000,              125,   0.00000000e+00,   0.00000000e+00,       0.00000000,       5.00000000,       0.00172233
   -999.00000000,              100,   0.00000000e+00,   0.00000000e+00,       0.00000000,       5.00000000,       0.00054778
   -999.00000000,               70,   0.00000000e+00,   0.00000000e+00,       0.00000000,       5.00000000,       0.00003624
   -999.00000000,               50,   0.00000000e+00,   0.00000000e+00,       0.00000000,       5.00000000,       0.00015235
   -999.00000000,               30,   0.00000000e+00,   0.00000000e+00,       0.00000000,       5.00000000,       0.00022541
   -999.00000000,               20,   0.00000000e+00,   0.00000000e+00,       0.00000000,       5.00000000,       0.00017255
   -999.00000000,               10,   0.00000000e+00,   0.00000000e+00,       0.00000000,       5.00000000,       0.00037787
   -999.00000000,                7,   0.00000000e+00,   0.00000000e+00,       0.00000000,       0.00000000,       0.00000000
   -999.00000000,                5,   0.00000000e+00,   0.00000000e+00,       0.00000000,       0.00000000,       0.00000000
   -999.00000000,                3,   0.00000000e+00,   0.00000000e+00,       0.00000000,       0.00000000,       0.00000000
   -999.00000000,                2,   0.00000000e+00,   0.00000000e+00,       0.00000000,       0.00000000,       0.00000000
   -999.00000000,                1,   0.00000000e+00,   0.00000000e+00,       0.00000000,       0.00000000,       0.00000000
